528 90 531 31 0.000963278 
534 87 537 28 0.000736321 
267 140 271 111 1.31191 
294 142 298 113 1.31673 
531 118 534 59 1.8594e-13 
532 142 535 84 1.85493e-13 
93 152 95 144 0.00237796 
104 164 106 155 0.0428664 
267 162 271 132 1.28638 
275 159 279 129 1.28933 
529 162 532 104 0.000474295 
529 176 532 118 0.00043752 
103 212 104 204 0.999533 
108 217 110 209 6.88108e-14 
541 206 544 148 0.000933023 
547 199 550 141 0.00096528 
104 224 105 216 0.99942 
116 228 118 220 6.2908e-05 
139 240 141 232 0.00394114 
527 246 529 189 1.00043 
115 285 117 277 0 
116 261 118 253 2.2839e-14 
127 284 129 276 0.00129323 
129 263 131 255 0.00157093 
509 264 511 207 1.00379 
542 288 545 231 0.000375538 
113 294 115 286 4.5183e-05 
129 294 130 286 1.00094 
137 304 138 296 1.00301 
500 330 503 274 0.00339533 
520 329 523 273 6.98481e-05 
523 320 526 264 9.11138e-14 
533 298 536 241 9.13171e-14 
122 358 123 350 0.999988 
131 360 132 352 1.00171 
494 378 497 322 0.00475463 
501 372 504 316 0.00273054 
522 382 524 326 0.999765 
491 429 493 374 1.00151 
497 415 499 360 1.00029 
