558 31 562 113 0.148994 
488 32 490 114 0.890355 
493 32 496 114 0 
505 32 509 116 1.29482 
511 32 513 114 1.24626 
553 32 556 116 0.235001 
593 33 598 114 0.215976 
575 35 578 116 1.33782 
612 35 615 119 0.551627 
599 37 603 119 0.00228527 
541 39 542 123 1.5697 
534 40 538 125 1.55456 
554 40 559 122 1.0143 
601 40 604 123 0.151032 
585 42 590 123 0.206185 
609 42 614 124 0.746712 
526 43 530 125 0.408672 
547 49 548 133 1.51163 
606 49 611 132 1.38253 
619 49 623 131 7.86318e-14 
604 50 605 133 1.62215 
611 51 615 135 1.33542 
616 51 620 133 0.0129668 
520 52 523 133 0.848505 
539 53 543 136 0.669869 
560 53 563 137 0.27942 
611 53 615 135 0.0302778 
540 55 543 136 1.15751 
511 56 513 140 0.649057 
556 56 558 140 0.577508 
577 57 581 141 1.16451 
583 59 587 142 0.56313 
617 59 620 142 0.0207659 
533 60 536 142 0.652613 
623 60 627 142 0.00826605 
595 61 598 142 1.48812 
520 63 522 146 1.05226 
527 63 530 148 0.671093 
540 63 544 146 0.634953 
543 63 546 144 1.24167 
526 66 530 148 0.296054 
557 66 561 148 1.01112e-13 
437 67 440 151 1.18017 
544 67 547 149 0.768655 
520 68 522 152 0.656926 
563 69 568 152 1.3484 
512 70 514 152 1.37723 
581 71 586 152 1.91024e-13 
593 72 598 154 0.610648 
622 75 626 159 1.46578 
489 76 491 161 0.297635 
549 77 552 161 0.271466 
579 80 583 161 0.818143 
532 81 536 165 1.11377 
439 82 440 166 0.82132 
548 82 550 165 1.11744 
593 82 598 166 1.9643 
602 82 606 164 0.141269 
448 83 451 167 0.998517 
515 83 518 165 0.556396 
533 83 536 165 0.761632 
490 84 491 167 1.77615 
537 84 539 167 1.12732 
547 84 550 165 1.4294 
558 84 563 167 1.29238 
578 84 581 167 0.235484 
599 87 603 170 0.567703 
513 88 516 169 0.968932 
517 88 519 170 1.5133 
532 89 536 170 0.443981 
523 90 524 173 1.9898 
498 91 500 173 1.25684 
552 91 557 173 0.672513 
608 91 613 173 0.489571 
481 92 484 177 0.712182 
508 92 510 175 1.0274 
444 95 447 181 0.937728 
527 95 530 179 0.240968 
604 95 606 178 0.701272 
432 96 434 178 0.703037 
563 97 566 181 0.363477 
440 99 441 181 0.585087 
444 99 447 181 1.25372 
513 99 514 183 1.53373 
519 99 522 184 0.722683 
563 99 566 181 0.973344 
584 99 590 181 1.11101 
621 99 624 181 0.703581 
495 100 499 182 0.641422 
503 102 506 188 1.07661 
511 102 514 183 1.05684 
528 102 530 186 0.606529 
508 103 511 188 0.697026 
576 104 579 188 0.473734 
583 104 587 187 0.460801 
623 104 627 188 1.5287 
477 105 478 187 1.82789 
484 105 487 190 0.709945 
508 105 511 188 0.159882 
586 105 589 188 0.188073 
463 107 465 192 0.166597 
484 107 487 190 0.185496 
593 107 594 190 1.39935 
475 108 478 192 0.558838 
507 108 509 193 0.198356 
600 108 604 191 0.53514 
602 108 606 191 0.54767 
598 109 604 191 0.955165 
474 112 475 197 1.20728 
442 113 443 195 0.609009 
462 116 463 200 1.23338 
528 118 531 203 0.819337 
533 118 537 202 1.02792 
605 118 609 202 1.37477 
613 124 616 207 0.0793585 
590 126 594 209 0.424391 
468 131 471 213 0.312997 
508 131 513 214 1.40093 
510 131 513 214 0.322131 
617 134 619 216 1.20634 
514 136 517 218 0.974765 
461 137 465 220 1.67353 
503 139 506 223 0.216562 
594 139 599 221 0.0476625 
542 140 545 223 0.468816 
590 140 593 223 0.138408 
598 140 604 223 1.41458 
520 141 523 223 1.10354 
623 141 625 223 1.09527 
587 143 589 226 0.671845 
529 149 531 231 1.94714 
469 151 472 233 0.132244 
467 152 469 235 0.562237 
525 152 528 236 0.171865 
568 152 571 235 0.350827 
584 152 588 235 0.271838 
523 153 527 238 1.5764 
467 155 468 238 1.55665 
503 155 506 238 0.455862 
602 155 606 238 0.418682 
570 161 573 244 0.344834 
585 161 588 243 1.09341 
538 162 542 243 1.67026 
611 162 617 243 0.673129 
604 165 608 248 0.402258 
616 165 621 248 0.867055 
582 171 587 255 1.44009 
610 171 612 255 0.783885 
525 172 528 255 0.715955 
588 173 594 257 1.81045 
471 176 473 260 0.53592 
503 178 506 262 4.33563e-13 
586 178 588 262 0.470863 
582 179 586 260 1.80762 
617 179 621 261 0.460036 
491 180 494 263 0.664381 
530 180 532 266 1.42332 
586 180 588 262 1.42087 
593 184 599 267 0.705764 
527 185 529 268 1.2581 
521 186 524 270 0.0209398 
547 188 548 271 1.32141 
596 189 600 271 0.778697 
558 194 563 276 1.01613 
524 195 528 279 0.338725 
544 197 546 279 1.95834 
549 198 553 282 0.527614 
529 204 532 289 0.987303 
558 204 562 286 1.39955 
576 204 579 289 1.66799 
567 206 573 289 0.0478582 
546 211 548 294 0.876713 
608 214 610 297 0.132063 
514 217 518 300 1.22937 
557 217 561 301 0.420787 
612 217 615 301 1.25045 
611 220 615 301 1.74747 
533 221 537 305 0.0165857 
569 224 572 309 1.56338 
552 225 554 309 0.322121 
565 230 567 314 0.566342 
537 234 542 320 1.6625 
599 234 604 318 0.890096 
542 237 547 323 1.68607 
544 239 547 323 0.100502 
550 240 552 323 0.585589 
596 242 601 326 0.724812 
597 244 601 326 1.10911 
547 246 548 330 0.642642 
556 246 560 330 0.0612077 
569 246 571 330 0.735455 
573 246 579 330 4.61756e-13 
550 248 556 331 1.58563 
561 251 565 335 0.107211 
565 261 568 345 0.418593 
547 264 550 350 1.88622 
570 272 573 357 1.40042 
552 276 556 361 0.514303 
559 276 563 362 1.5789 
617 289 621 374 1.87276 
563 290 568 375 0.0846396 
621 290 625 375 1.94943 
376 354 376 439 1.91286 
369 355 369 440 1.94832 
361 371 364 457 1.13506 
347 372 347 458 1.46598 
375 373 376 460 0.0646227 
390 373 393 458 0.959941 
406 375 406 460 1.77951 
500 375 501 458 0.759295 
372 376 376 460 1.2128 
435 376 437 461 0.168958 
446 377 449 461 1.08677 
473 377 476 461 1.06276 
387 379 390 463 0.575522 
496 386 498 470 0.0627114 
396 388 399 475 1.71862 
398 389 399 475 0.500711 
343 393 345 477 0.838671 
368 397 371 480 1.90466e-13 
