93 119 97 113 1.24653 
109 78 112 70 0.0689054 
158 96 161 88 0.00766587 
160 87 163 79 0.0416425 
161 67 164 59 0.151879 
170 84 173 76 0.0640298 
171 68 174 60 0.153862 
173 96 176 88 0 
182 97 185 89 1.19485e-14 
182 119 185 111 0.119858 
184 75 187 67 0.125057 
226 110 229 102 0.0386611 
269 79 272 73 1.62525 
270 106 273 99 0.789573 
276 97 279 90 0.834244 
328 83 333 75 1.27008 
330 70 334 62 0.401562 
356 88 358 81 1.75728 
373 112 379 105 1.7042 
398 104 404 101 7.87998e-14 
408 83 414 79 0.632199 
488 84 491 83 1.45775 
93 152 94 143 0.464966 
103 212 104 204 4.48286e-14 
104 164 106 156 0.027295 
108 217 109 209 0.0369615 
111 173 113 164 0.966053 
148 185 150 177 0.0891602 
178 208 180 200 0.227657 
179 186 181 178 0.0806557 
180 164 183 156 0.348576 
181 141 184 133 0.235173 
191 200 193 192 0.169237 
193 155 195 147 0.152213 
222 199 224 191 0.139791 
224 155 226 147 0.198937 
271 210 273 202 0.167492 
275 159 278 152 0.544866 
279 214 282 206 0.596266 
104 224 105 217 0.884505 
113 294 114 286 0.58089 
115 285 116 278 0.471836 
127 284 129 276 0.609962 
129 263 130 255 0.382928 
129 294 130 286 0.596455 
141 268 143 260 0.552574 
174 276 176 269 0.375459 
187 290 189 282 0.695953 
189 245 191 237 0.458438 
190 222 192 214 0.315868 
220 244 222 236 0.457145 
261 274 263 266 0.662166 
262 251 264 244 0.465767 
263 229 265 221 0.332459 
291 221 294 212 1.54765 
368 295 369 286 1.70178 
389 281 390 272 1.35787 
390 256 390 247 0.320447 
396 256 399 247 1.66202 
70 348 70 340 0.885652 
79 352 80 344 0.84184 
80 372 81 365 0.0663769 
93 352 94 344 0.864784 
101 358 102 350 0.904614 
110 358 111 350 0.920142 
122 358 124 350 0.829423 
131 360 133 353 0.146213 
170 366 172 358 0.916785 
171 343 173 335 0.867528 
172 321 174 313 0.802617 
173 298 175 290 0.716492 
257 364 259 356 1.05327 
258 341 260 334 7.47255e-14 
259 318 260 311 0.0802902 
260 296 262 289 0.20122 
348 299 349 290 1.77998 
354 304 355 295 1.85691 
367 311 369 302 1.99891 
374 310 375 301 1.96248 
377 305 379 296 1.95151 
388 299 389 291 0.763463 
392 308 394 299 1.9928 
393 301 395 292 1.91051 
401 301 402 292 1.7799 
401 307 402 298 1.91428 
523 320 519 311 2.87027e-12 
76 402 78 396 1.14088 
92 387 93 380 0.015558 
94 382 95 375 4.45912e-14 
95 429 95 423 0.535511 
95 451 95 445 0.419474 
96 406 97 399 0.0919037 
97 375 98 368 0.0226615 
167 435 168 428 0.345626 
168 411 169 403 1.23272 
169 389 170 382 0.185677 
214 381 215 373 1.23053 
215 440 216 433 0.488776 
254 430 256 423 0.161481 
255 408 257 401 0.150419 
256 386 258 378 1.08269 
271 434 273 427 0.193417 
285 445 287 438 0.215946 
