96 16 96.088 95.471 1.37435 
104 16 103.167 94.515 0.139336 
312 16 311.665 103.908 1.68969 
440 16 441.529 97.423 0.903075 
448 16 449.168 96.939 0.645448 
480 16 481.25 97.106 0.095628 
488 16 489.539 97.937 0.548797 
496 16 497.414 96.759 0.106338 
504 16 506.431 96.768 0.498021 
512 16 514.429 96.62 0.410235 
520 16 522.502 96.608 0.293398 
536 16 539.19 97.42 0.131598 
544 16 547.184 96.608 0.247092 
552 16 555.535 96.928 0.0802345 
568 16 572.522 97.263 0.125317 
576 16 580.901 97.714 0.158829 
592 16 596.689 96.589 0.176033 
600 16 605.193 97.033 0.0362676 
608 16 612.837 97.582 0.876168 
104 24 102.373 103.067 0.142604 
152 24 151.851 103.55 1.74644 
408 24 409.061 105.121 1.43111 
416 24 417.064 104.92 1.34245 
440 24 440.93 104.019 1.142 
448 24 448.386 104.486 0.287479 
456 24 456.633 103.828 0.685651 
480 24 482.699 104.444 1.58557 
488 24 490.593 104.956 1.01449 
496 24 497.963 105.158 0.204258 
504 24 506.578 105.239 0.450725 
512 24 514.369 105.343 0.0346246 
520 24 523.125 104.398 1.0393 
528 24 532.561 104.352 1.95523 
544 24 546.831 104.482 0.234691 
552 24 555.27 104.48 0.373723 
560 24 563.343 104.783 0.0308992 
568 24 572.419 105.134 0.331593 
576 24 580.394 104.828 0.350621 
592 24 595.727 104.406 0.129295 
600 24 604.727 104.459 0.299938 
616 24 621.271 105.113 0.230543 
120 32 118.717 109.409 0.748979 
296 32 294.469 118.734 1.03215 
336 32 336.524 120.492 1.48535 
416 32 418.095 113.889 1.97577 
488 32 490.334 112.423 1.23741 
496 32 498.745 111.638 1.86443 
504 32 507.401 112.647 1.59821 
512 32 514.466 113.447 0.181268 
520 32 522.68 113.179 0.331722 
528 32 533.009 113.313 1.81329 
544 32 547.137 112.822 0.366638 
552 32 555.685 113.242 0.289129 
560 32 563.534 112.898 0.239187 
568 32 571.513 112.722 0.172002 
576 32 580.719 112.595 0.913959 
592 32 595.821 113.102 0.427732 
600 32 604.767 113.182 0.0476204 
616 32 621.343 112.652 0.362437 
288 40 287.425 121.867 1.83376 
320 40 318.452 129.582 0.0586192 
328 40 327.19 129.66 0.427894 
336 40 336.687 128.266 1.69692 
344 40 343.331 128.825 0.0571206 
496 40 497.565 120.233 0.666378 
504 40 507.304 121.255 1.28312 
512 40 514.755 121.583 0.457375 
520 40 521.948 120.998 0.0141862 
544 40 546.562 121.712 0.514468 
552 40 555.07 121.626 0.2657 
560 40 563.746 121.678 3.59567e-13 
568 40 571.794 120.383 0.762798 
576 40 579.154 120.862 0.199177 
584 40 587.767 121.778 0.616918 
592 40 595.631 121.227 0.483844 
600 40 604.502 121.369 0.186044 
616 40 621.029 121.388 0.222459 
280 48 278.98 133.075 1.78296 
288 48 287.502 129.127 1.82607 
296 48 295.437 130.474 1.74502 
312 48 311.065 135.168 1.0523 
320 48 318.243 138.006 0.168562 
328 48 326.586 137.242 0.130129 
336 48 336.835 135.053 1.99186 
344 48 342.994 136.349 0.29262 
360 48 360.444 137.51 0.266954 
368 48 367.58 137.333 0.901514 
400 48 400.628 129.384 1.26267 
408 48 408.605 129.051 1.20239 
496 48 497.369 128.532 0.432419 
504 48 507.049 128.562 1.6155 
512 48 513.956 129.124 0.231401 
520 48 522.187 129.965 0.279015 
544 48 547.044 128.906 0.52205 
552 48 554.846 129.216 0.00652551 
560 48 563.457 129.506 0.0656327 
568 48 571.611 129.29 0.14518 
576 48 579.482 129.114 4.00778e-13 
584 48 587.489 129.092 0.15292 
592 48 595.588 129.629 0.648047 
600 48 603.71 129.253 0.463938 
608 48 612.579 128.737 0.327631 
616 48 621.089 129.498 0.087463 
96 56 93.631 137.214 0.355917 
120 56 118.721 136.864 1.14428 
272 56 270.795 142.928 1.96623 
312 56 310.671 141.814 0.664917 
320 56 318.821 144.359 0.48031 
328 56 328.215 144.676 1.54601 
336 56 335.717 143.628 0.838124 
344 56 342.235 145.472 1.15959 
360 56 360.033 144.378 0.131111 
368 56 367.228 143.9 0.873495 
376 56 375.21 144.201 1.26473 
424 56 424.364 138.379 0.22485 
432 56 431.779 138.586 0.568591 
512 56 514.181 136.632 0.818288 
520 56 521.749 137.122 0.015736 
528 56 530.592 137.644 0.185821 
536 56 538.852 138.319 0.222671 
544 56 547.171 137.212 0.551409 
552 56 555.17 137.346 0.2856 
560 56 563.129 137.779 0.213285 
568 56 571.684 137.048 0.513025 
576 56 580.91 137.427 0.951532 
592 56 596.477 137.108 0.501361 
600 56 605.157 137.752 0.319928 
608 56 612.57 137.555 0.120531 
616 56 622.008 137.376 0.79062 
56 64 56.055 144.305 1.33526 
64 64 62.725 144.525 0.539929 
88 64 88.458 143.993 1.76685 
96 64 94.71 144.311 0.627024 
120 64 118.512 144.73 0.845273 
328 64 328.589 152.513 1.93865 
336 64 335.776 153.053 0.773197 
344 64 342.406 151.382 0.696501 
352 64 351.798 153.101 0.144985 
360 64 360.679 152.536 0.787217 
368 64 368.054 152.661 0.166722 
376 64 375.765 151.698 0.541569 
384 64 383.658 151.657 0.925307 
408 64 409.188 145.738 1.61682 
416 64 416.854 145.782 1.1294 
424 64 424.017 145.834 0.175084 
432 64 432.645 145.178 0.858372 
440 64 440.66 145.115 0.751044 
512 64 513.875 145.817 0.0173701 
520 64 522.502 145.643 0.416464 
528 64 531.12 145.724 0.679287 
536 64 539.37 145.53 0.813262 
544 64 547.231 145.216 0.72621 
552 64 554.701 145.549 0.0670602 
560 64 562.898 145.691 0.185711 
568 64 570.962 145.528 0.202038 
576 64 579.575 144.894 0.508135 
592 64 597.05 145.753 0.6045 
600 64 604.709 145.543 0.329088 
608 64 612.73 145.794 0.0207083 
616 64 621.844 145.624 0.675823 
64 72 62.69 152.224 0.277978 
72 72 70.794 152.743 0.745234 
80 72 79.156 153.092 1.30003 
88 72 87.877 152.837 1.77858 
96 72 94.554 153.176 0.960822 
264 72 262.019 154.979 0.711771 
272 72 270.151 157.512 1.04801 
320 72 320.13 158.74 1.84822 
376 72 376.879 158.994 0.762721 
416 72 417.225 153.359 1.677 
424 72 425.564 153.87 1.65548 
432 72 433.089 152.954 1.4113 
440 72 440.319 152.584 0.71947 
504 72 506.763 153.758 1.03319 
512 72 513.784 153.57 0.159838 
520 72 523.134 153.316 1.2363 
528 72 531.269 153.342 1.15363 
536 72 538.821 153.681 0.416123 
544 72 546.941 153.128 0.682796 
552 72 555.045 153.821 0.149983 
560 72 562.986 153.258 0.297639 
568 72 571.026 153.936 0.291533 
576 72 579.64 153.699 0.14652 
584 72 588.887 153.16 1.24605 
592 72 597.214 153.449 1.09677 
600 72 604.579 153.522 0.410996 
608 72 612.915 153.693 0.343515 
616 72 620.913 153.758 0.113341 
40 80 38.99 159.006 0.537405 
72 80 71.498 160.477 1.09348 
80 80 79.449 160.468 1.11407 
88 80 87.045 160.553 0.899386 
96 80 95.031 160.286 0.790695 
104 80 102.73 160.094 0.490732 
264 80 262.74 161.734 1.20397 
272 80 270.589 166.628 1.56805 
280 80 278.009 165.983 0.735035 
376 80 376.265 166.594 0.305497 
424 80 425.527 161.745 1.72363 
432 80 433.456 161.217 1.70305 
440 80 440.443 160.886 0.762268 
448 80 448.059 160.81 0.313993 
496 80 498.375 161.138 1.31698 
504 80 506.297 161.503 0.890324 
512 80 513.88 161.791 0.217071 
520 80 522.612 161.527 0.801034 
528 80 530.719 161.371 0.810423 
536 80 538.398 161.691 0.19376 
544 80 547.003 161.759 0.459174 
552 80 555.257 161.364 0.731918 
560 80 563.414 161.859 0.362917 
568 80 571.531 161.134 0.750109 
576 80 579.774 161.046 0.821641 
584 80 587.532 161.607 0.0948904 
592 80 597.268 161.671 1.13881 
600 80 604.744 161.48 0.710659 
608 80 613.242 161.386 0.950559 
616 80 621.306 161.35 0.840637 
40 88 30.945 177.06 0.127717 
80 88 79.487 168.626 1.20079 
88 88 86.936 168.172 0.549438 
96 88 94.348 167.668 0.160716 
280 88 277.942 173.014 0.541043 
424 88 425.392 170.701 1.31369 
432 88 433.005 170.499 0.85944 
440 88 441.322 169.212 1.49285 
448 88 449.689 169.409 1.60298 
472 88 473.844 169.598 1.19345 
480 88 481.245 170.931 0.138639 
488 88 488.603 170.034 0.416985 
496 88 497.253 169.864 0.071387 
504 88 506.188 169.627 0.828909 
512 88 514.614 169.619 1.02453 
520 88 522.405 170.009 0.463356 
528 88 530.727 170.021 0.547364 
536 88 538.153 169.036 0.499289 
544 88 546.721 169.86 0.294391 
552 88 554.827 170.006 0.117104 
560 88 563.494 169.216 0.962364 
568 88 571.372 169.381 0.595201 
576 88 579.649 170.113 0.15551 
584 88 588.738 170.163 0.75521 
592 88 596.949 169.958 0.862874 
600 88 604.774 169.63 0.777442 
608 88 612.571 169.831 0.313612 
616 88 621.171 169.667 0.676658 
40 96 32.247 183.969 0.0141184 
80 96 80.058 176.1 1.32302 
88 96 86.96 176.103 0.492317 
96 96 94.176 175.107 0.650881 
392 96 391.651 176.24 0.959916 
416 96 417.191 178.134 1.52701 
424 96 424.759 177.844 1.07094 
432 96 432.885 178.152 0.933054 
440 96 441.245 177.79 1.25286 
448 96 449.692 177.41 1.66634 
456 96 456.969 177.442 0.85088 
464 96 465.881 177.528 1.48812 
472 96 473.934 177.56 1.3669 
480 96 481.487 178.037 0.590788 
488 96 490.057 178.085 0.902283 
496 96 498.214 178.278 0.772052 
504 96 506.806 177.667 1.42619 
512 96 514.702 177.823 1.08704 
520 96 522.382 177.941 0.587192 
528 96 530.675 178.021 0.615172 
536 96 537.174 177.725 0.59827 
544 96 545.227 177.149 0.361565 
552 96 554.774 177.309 0.621025 
560 96 563.334 177.553 0.746409 
568 96 570.678 177.434 0.148512 
576 96 579.523 178.244 0.108827 
584 96 588.313 178.114 0.613745 
600 96 604.621 177.946 0.595702 
608 96 612.687 177.998 0.429598 
616 96 620.88 177.778 0.543744 
72 104 71.099 184.636 0.75406 
80 104 80.029 183.928 1.17234 
88 104 87.31 184.483 0.958052 
96 104 94.599 184.044 0.180487 
104 104 102.91 183.615 0.273727 
312 104 310.389 197.024 0.20535 
384 104 383.129 194.516 1.79135 
424 104 424.55 185.343 1.08788 
432 104 432.894 185.221 1.32607 
440 104 440.752 185.763 0.861277 
448 104 448.464 185.746 0.463298 
456 104 456.389 186.363 1.2141e-13 
464 104 464.349 186.122 0.0822631 
472 104 473.53 185.294 1.19872 
480 104 482.003 185.785 1.24301 
488 104 490.358 185.821 1.37903 
496 104 498.223 185.688 1.16776 
504 104 506.597 185.569 1.3911 
512 104 514.121 185.607 0.807911 
520 104 522.413 185.535 0.935328 
528 104 529.956 185.726 0.291924 
536 104 537.427 184.511 0.403073 
544 104 545.073 183.834 0.381532 
552 104 554.776 185.424 0.661234 
560 104 563.339 184.937 1.24591 
568 104 571.01 185.913 0.220264 
584 104 588.303 185.806 0.943227 
600 104 603.484 185.963 0.116981 
608 104 611.861 186.063 0.0747514 
616 104 621.068 186.165 0.559154 
88 112 87.735 192.562 1.31956 
96 112 94.834 191.954 0.293383 
104 112 102.969 190.6 0.234508 
280 112 278.792 199.889 1.51797 
376 112 375.106 202.9 1.52266 
384 112 383.892 202.42 0.962455 
424 112 424.848 192.856 1.56785 
432 112 433.477 193.599 1.78239 
440 112 441.119 193.5 1.34935 
448 112 449.303 194.06 1.16741 
456 112 457.491 194.298 1.09452 
464 112 463.986 194.155 0.361924 
472 112 473.408 193.248 1.17413 
480 112 481.972 193.073 1.61758 
496 112 497.886 192.561 1.51209 
504 112 506.54 192.981 1.72771 
512 112 514.351 193.67 1.05861 
520 112 521.789 193.088 0.742119 
528 112 530.896 194.188 0.913892 
544 112 546.153 192.238 1.10271 
552 112 554.323 192.392 1.01291 
560 112 562.883 193.64 0.56425 
568 112 570.196 193.882 0.285013 
576 112 580.745 193.715 1.64661 
584 112 588.364 194.339 0.778412 
592 112 596.278 194.45 0.462468 
608 112 610.871 194.725 1.11863 
616 112 621.483 194.188 0.994271 
48 120 40.544 207.813 0.422427 
96 120 95.061 199.416 0.169565 
104 120 101.927 198.507 1.20105 
288 120 287.27 209.065 1.82201 
296 120 295.633 209.222 1.95729 
320 120 319.151 211.105 0.670294 
328 120 326.829 210.193 0.104577 
376 120 376.021 211.278 0.645445 
432 120 432.481 201.478 0.931819 
440 120 440.9 201.758 1.09807 
448 120 448.981 201.976 0.956579 
456 120 457.5 202.164 1.21782 
464 120 464.91 201.935 0.628348 
472 120 472.769 201.926 0.364369 
480 120 479.962 200.567 0.11697 
488 120 489.08 200.856 0.858048 
496 120 498.224 200.709 1.80304 
504 120 505.423 201.115 0.77028 
512 120 514.577 201.184 1.58822 
520 120 521.946 201.302 0.842387 
560 120 562.167 202.11 0.184761 
592 120 596.603 202.316 0.930592 
608 120 611.385 202.701 0.589634 
56 128 50.877 214.747 0.631751 
96 128 94.835 209.731 1.13976 
104 128 102.306 208.274 0.0150864 
112 128 109.939 209.519 0.316208 
288 128 287.215 215.352 1.63582 
376 128 376.428 219.014 0.14223 
424 128 424.791 208.827 1.58686 
432 128 433.098 209.59 1.51346 
440 128 441.236 210.041 1.35676 
448 128 449.568 209.794 1.61952 
456 128 457.129 210.165 0.933341 
464 128 465.394 209.881 1.14941 
472 128 473.007 210.085 0.5721 
480 128 480.615 210.072 0.0847014 
488 128 490.342 214.075 0.358954 
504 128 505.276 209.715 0.416969 
512 128 513.833 209.836 0.69547 
520 128 521.833 209.801 0.565865 
536 128 537.491 209.142 0.345957 
592 128 595.434 210.483 0.0497018 
600 128 603.005 210.429 0.410209 
104 136 101.594 217.226 0.205965 
112 136 109.694 217.346 0.0336142 
120 136 117.982 217.209 0.182101 
272 136 271.238 216.673 1.31329 
288 136 287.442 223.145 1.81939 
416 136 416.503 218.245 1.0293 
424 136 424.169 217.673 0.762114 
432 136 433.156 217.543 1.62148 
440 136 441.216 218.894 1.0868 
448 136 449.446 217.772 1.56205 
456 136 457.161 218.064 1.05484 
464 136 466.009 217.939 1.74508 
472 136 473.57 217.859 1.23738 
480 136 479.963 217.158 0.0438394 
488 136 490.19 220.852 0.161524 
496 136 496.485 221.572 1.87582 
520 136 522.722 218.03 1.29234 
528 136 530.26 218.184 0.662876 
536 136 537.993 217.268 0.77846 
584 136 588.7 217.987 1.63756 
600 136 602.371 218.393 0.760002 
48 144 44.922 229.301 1.28686 
104 144 103.402 224.754 1.09741 
112 144 110.554 224.858 0.446203 
120 144 118.154 225.13 0.251512 
280 144 278.993 231.367 1.52488 
296 144 295.232 232.414 1.44752 
304 144 303.048 233.867 1.07426 
408 144 408.675 225.009 1.67364 
416 144 416.171 225.755 0.881131 
424 144 424.44 225.644 1.05967 
432 144 433.241 225.857 1.63613 
440 144 441.1 226.564 1.1383 
448 144 448.709 226.189 0.769415 
456 144 457.464 225.736 1.50877 
464 144 465.263 226.173 1.02233 
472 144 473.397 225.969 1.09112 
480 144 480.963 225.615 0.713856 
496 144 496.725 229.781 1.66628 
520 144 522.927 226.087 1.5237 
528 144 530.722 226.338 1.06342 
536 144 537.872 225.901 0.418306 
544 144 546.192 226.117 0.425072 
568 144 570.422 225.006 0.809748 
600 144 602.223 225.781 0.383116 
616 144 621.567 226.16 1.63416 
40 152 37.074 237.694 1.55912 
48 152 44.699 237.646 1.21101 
80 152 79.886 233.967 1.94254 
96 152 95.434 232.701 1.01092 
112 152 111.577 232.841 1.30391 
120 152 117.956 233.443 0.168404 
128 152 126.654 233.091 0.668701 
288 152 287.477 236.918 1.6762 
296 152 294.921 238.771 1.05898 
312 152 311.572 241.315 1.34992 
392 152 391.755 240.521 0.678244 
400 152 400.638 232.779 1.80305 
408 152 406.961 232.737 0.107834 
416 152 414.75 232.932 0.228796 
424 152 424.767 233.633 1.40405 
432 152 432.787 233.825 1.25077 
440 152 440.832 233.861 1.16371 
448 152 448.67 233.631 0.9726 
456 152 457.332 233.568 1.4939 
464 152 465.02 234.121 0.870013 
472 152 472.749 233.783 0.627179 
480 152 482.127 233.494 1.87446 
488 152 489.68 233.896 1.16517 
512 152 514.649 233.784 1.65779 
520 152 522.287 233.826 1.1778 
528 152 529.978 233.392 0.989853 
536 152 537.704 233.608 0.50821 
576 152 578.454 234.591 0.141906 
584 152 588.515 234.031 1.69214 
608 152 613.295 234.045 1.79714 
616 152 621.237 234.367 1.3771 
48 160 44.645 245.362 0.917205 
80 160 78.738 242.05 0.953117 
88 160 87.364 241.689 1.35009 
96 160 95.268 241.104 1.0236 
104 160 103.674 241.456 1.59191 
112 160 110.112 241.459 0.241635 
120 160 117.977 241.608 0.211774 
272 160 270.807 245.365 1.24228 
280 160 277.399 245.471 0.271961 
288 160 287.652 244.605 1.80778 
400 160 400.436 240.154 1.76688 
408 160 407.133 240.432 0.365553 
416 160 414.846 241.17 0.184133 
424 160 423.761 241.987 0.366099 
432 160 432.48 241.646 1.04648 
440 160 440.768 240.587 1.55668 
456 160 456.935 242.079 0.98042 
464 160 465.338 241.727 1.36182 
472 160 473.541 242.397 1.15933 
520 160 521.761 240.353 1.50876 
528 160 529.928 242.155 0.63467 
584 160 588.533 241.974 1.84822 
48 168 43.397 253.955 0.116422 
56 168 51.103 254.071 0.0996547 
64 168 57.955 254.316 0.984181 
80 168 78.913 250.158 1.10954 
88 168 86.556 249.643 0.578896 
96 168 94.017 249.323 0.0132004 
104 168 104.023 249.53 1.895 
112 168 110.224 249.576 0.347282 
120 168 117.944 249.017 0.121135 
432 168 433.085 249.429 1.71736 
488 168 490.008 250.81 1.19216 
496 168 497.181 250.06 0.628747 
528 168 529.979 249.883 0.886582 
552 168 553.806 254.191 1.9649 
584 168 588.517 249.934 1.9623 
624 168 627.619 250.908 0.140875 
48 176 42.046 263.271 0.398167 
56 176 48.854 263.615 1.28135 
80 176 79.653 257.653 1.45518 
88 176 85.922 257.016 0.324447 
96 176 93.795 256.489 0.644753 
120 176 118.341 257.086 0.224567 
272 176 278.641 151.51 0.810592 
488 176 490.169 258.579 1.49481 
560 176 561.516 261.451 1.89004 
48 184 42.001 270.755 0.82281 
56 184 49.683 270.5 1.27698 
80 184 79.464 265.868 1.35387 
88 184 85.761 265.141 0.450252 
112 184 109.648 265.59 0.258066 
120 184 118.848 264.608 0.444259 
520 184 521.172 265.151 0.776638 
552 184 554.288 267.151 0.234498 
48 192 42.746 278.611 0.370379 
136 192 134.96 273.991 1.1206 
552 192 554.08 273.735 0.858918 
600 192 603.3 275.352 0.135518 
608 192 609.918 274.983 0.920946 
616 192 619.356 274.884 0.146623 
624 192 626.76 275.072 0.59274 
80 200 77.941 281.187 0.394739 
104 200 102.814 281.192 0.503982 
120 200 119.155 280.598 0.649551 
136 200 134.278 282.134 0.498303 
264 200 262.499 281.609 0.482402 
304 200 301.425 199.728 1.46748 
312 200 310.993 289.466 0.679686 
520 200 521.571 280.97 1.31658 
608 200 610.558 282.549 0.0571822 
616 200 619.045 283.039 0.0960528 
624 200 626.47 282.775 0.545892 
24 208 23.58 289.553 0.816739 
80 208 78.342 288.448 0.425866 
88 208 86.454 288.408 0.293307 
120 208 118.747 290.13 0.850624 
128 208 127.306 290.644 1.58369 
280 208 277.7 288.507 0.468377 
528 208 530.181 291.099 0.826437 
544 208 546.671 291.089 0.97868 
608 208 610.654 290.234 0.290546 
24 216 25.307 295.286 1.00803 
80 216 78.297 296.794 0.342441 
112 216 109.824 297.904 0.151437 
120 216 118.108 298.058 0.190301 
128 216 125.883 298.198 0.0520405 
272 216 271.321 297.779 1.23689 
304 216 302.076 308.93 0.0562605 
312 216 309.868 309.52 0.516437 
336 216 334.69 310.719 0.55976 
520 216 521.269 297.91 0.727821 
528 216 529.729 298.601 0.711812 
24 224 22.593 304.036 0.901109 
104 224 103.66 305.461 1.2702 
112 224 109.913 305.823 0.147017 
120 224 117.963 305.488 0.207917 
128 224 125.722 305.477 0.410867 
272 224 270.546 305.215 0.394561 
280 224 279.707 311.054 1.89343 
288 224 286.343 311.933 0.44399 
320 224 318.181 320.158 0.545602 
336 224 334.278 318.661 0.963256 
344 224 342.452 318.555 1.06239 
424 224 424.665 310.304 0.316874 
432 224 432.371 310.161 0.0881742 
520 224 521.501 306.851 0.58075 
528 224 529.485 306.552 0.572316 
536 224 538.096 306.419 1.05287 
544 224 545.866 306.089 0.877828 
24 232 24.631 313.794 1.7269 
32 232 32.486 313.891 1.71411 
40 232 38.095 313.419 0.530513 
48 232 45.71 313.063 0.995344 
72 232 66.657 317.001 1.77378 
80 232 77.881 314.299 0.118159 
104 232 103.053 312.856 0.432874 
112 232 109.979 313.772 0.149741 
120 232 117.591 313.696 0.513911 
128 232 125.725 313.651 0.385392 
288 232 285.714 319.844 0.21495 
296 232 294.741 325.442 0.813399 
304 232 303.572 322.026 1.37621 
320 232 318.951 327.179 0.242711 
328 232 326.287 325.633 0.631792 
336 232 334.696 324.867 0.430987 
344 232 342.343 326.134 1.12843 
416 232 416.094 318.388 0.0687947 
424 232 425.003 318.097 0.729681 
432 232 431.451 317.26 0.700633 
440 232 440.271 314.617 0.690793 
520 232 521.249 314.334 0.625695 
528 232 529.712 314.5 0.853252 
536 232 538.255 314.776 1.09166 
608 232 613.442 316.427 1.64213 
616 232 620.804 316.617 0.835533 
32 240 31.319 321.13 0.287384 
48 240 47.308 320.323 1.62538e-13 
72 240 66.576 325.298 1.78653 
104 240 104.429 321.085 1.75104 
112 240 109.514 321.833 0.596877 
120 240 117.489 321.658 0.664977 
128 240 125.213 321.654 0.903172 
280 240 278.898 327.174 1.03509 
288 240 285.894 328.626 0.0284445 
320 240 319.604 332.771 0.95135 
328 240 326.287 332.394 0.581223 
336 240 334.015 332.701 1.09994 
344 240 341.783 333.969 1.66623 
416 240 417.001 325.929 0.94771 
424 240 423.811 325.003 0.126952 
520 240 522.391 323.233 1.33417 
528 240 530.055 323.227 0.901372 
536 240 538.513 323.075 1.24818 
584 240 587.188 321.957 1.59548 
32 248 31.355 329.962 0.702633 
96 248 95.568 329.577 1.08286 
104 248 103.573 329.204 0.980061 
112 248 109.879 329.537 0.415531 
120 248 117.338 329.524 0.896281 
280 248 279.452 333.906 1.48568 
288 248 286.496 334.978 0.478197 
296 248 294.371 338.803 0.328199 
312 248 310.392 341.535 0.0523677 
320 248 318.411 341.462 0.269682 
408 248 407.785 334.257 0.141883 
416 248 415.971 333.911 0.0256994 
424 248 422.847 333.843 1.23997 
520 248 522.187 331.371 1.14549 
536 248 538.193 331.259 0.938477 
544 248 546.244 331.094 0.927668 
552 248 554.14 331.233 0.641409 
40 256 38.276 337.057 0.669714 
96 256 96.031 338.56 1.86597 
288 256 286.189 343.134 0.152722 
296 256 295.685 344.963 1.57383 
304 256 302.51 345.485 0.251452 
312 256 310.333 349.31 0.124382 
320 256 319.039 348.903 0.362516 
328 256 326.788 347.453 0.0517703 
336 256 334.722 346.216 0.247731 
344 256 344.147 346.124 0.995065 
400 256 399.775 343.214 0.173637 
408 256 408.654 342.331 0.715057 
416 256 415.769 342.163 0.254587 
528 256 530.184 339.444 1.03663 
536 256 538.277 339.124 1.1291 
544 256 546.962 339.343 1.51839 
552 256 554.618 339.404 1.04969 
608 256 612.872 339.514 1.94772 
40 264 37.574 351.163 1.60371 
64 264 61.927 345.637 0.611885 
72 264 70.316 345.662 0.212824 
296 264 294.577 352.584 0.434429 
304 264 302.254 353.301 0.0252492 
336 264 334.572 355.166 0.456632 
344 264 342.5 356.472 0.822455 
352 264 350.977 356.503 0.569791 
360 264 358.67 358.431 1.30424 
392 264 391.285 354.241 1.00611 
400 264 399.544 352.849 0.685799 
32 272 24.672 361.29 1.71391 
64 272 62.979 352.877 0.0412571 
72 272 70.804 352.955 0.113425 
80 272 78.9 353.51 0.253805 
296 272 295.112 360.47 0.944201 
600 272 603.523 355.801 0.95882 
88 280 85.769 362.564 0.358941 
304 280 302.334 366.935 4.30263e-14 
312 280 310.749 368.325 0.290636 
320 280 318.059 370.404 0.587377 
328 280 326.497 370.892 0.341172 
352 280 351.025 369.75 0.265827 
384 280 382.907 370.158 1.13608 
568 280 571.057 364.623 0.798894 
312 288 311.646 376.341 1.1715 
320 288 318.391 377.008 0.233331 
328 288 326.583 378.147 0.233479 
352 288 352.056 375.66 0.944646 
408 288 407.283 368.248 0.62363 
544 288 547.161 371.759 1.74924 
552 288 554.596 371.18 1.35946 
576 288 578.689 370.986 1.16274 
584 288 587.047 371.454 1.13054 
600 288 605.491 374.322 1.55664 
312 296 312.001 383.928 1.51414 
320 296 318.326 384.007 0.286853 
328 296 326.681 385.66 0.125171 
544 296 546.505 379.685 1.2376 
288 304 287.711 383.321 1.24047 
328 304 327.753 391.934 1.00392 
336 304 335.668 390.503 0.869716 
360 304 360.164 386.514 1.42978 
376 304 374.953 387.015 0.0507104 
528 304 530.59 389.022 1.09011 
536 304 538.036 388.388 0.698577 
24 312 17.377 400.718 1.79046 
336 312 334.581 398.587 0.229106 
344 312 344.647 397.274 1.81642 
352 312 351.676 397.933 0.703846 
360 312 359.95 394.468 1.21442 
368 312 368.143 394.572 1.34174 
384 312 383.137 395.119 0.151917 
400 312 400.003 395.174 0.858847 
408 312 407.075 395.147 0.122628 
432 312 431.003 398.188 1.10955 
440 312 439 398.78 1.37566 
504 312 504.967 397.399 0.116277 
528 312 530.068 396.595 0.821687 
112 320 109.769 402.762 0.443434 
120 320 117.726 402.407 0.584914 
336 320 335.446 406.609 0.624448 
344 320 343.831 406.294 0.925849 
352 320 352.103 405.952 1.123 
384 320 383.159 406.077 0.240665 
432 320 432.634 406.829 0.356566 
440 320 441.026 406.394 0.708487 
456 320 456.652 400.102 1.75142 
464 320 463.116 407.414 1.80098 
504 320 504.872 404.916 7.51666e-14 
520 320 521.818 406 0.244674 
112 328 109.592 410.421 0.764307 
120 328 117.26 409.775 1.26749 
344 328 342.7 415.778 0.308211 
352 328 351.533 414.626 0.495292 
360 328 360.287 415.403 1.06584 
384 328 384.153 416.083 0.47187 
392 328 391.722 416.61 0.169983 
400 328 400.794 414.818 1.04043 
424 328 424.793 409.133 1.84264 
432 328 432.695 416.366 0.0988046 
440 328 440.184 414.735 0.16633 
448 328 448.753 409.63 1.52057 
488 328 489.436 410.859 1.4457 
496 328 497.706 410.933 1.58536 
504 328 505.684 413.152 0.722078 
512 328 514.658 412.864 1.61174 
520 328 520.217 413.903 1.16544 
24 336 17.502 424.977 1.82507 
32 336 25.894 424.355 1.79708 
40 336 34.073 424.004 1.8307 
56 336 53.15 421.087 0.29878 
72 336 66.435 423.277 1.96027 
104 336 101.016 418.282 1.41258 
112 336 108.915 417.961 1.59356 
120 336 118.287 416.755 0.652037 
328 336 328.267 423.697 1.48282 
344 336 343.176 423.007 0.211 
376 336 375.327 424.752 0.290487 
384 336 382.658 425.857 1.24244 
392 336 391.785 425.782 0.271581 
400 336 400.699 425.394 0.536136 
408 336 407.362 425.491 0.952601 
416 336 416.447 425.66 0.07498 
424 336 423.856 423.299 0.332516 
432 336 432.184 423.429 0.170193 
456 336 457.26 418.411 1.75609 
24 344 18.311 433.845 0.799854 
32 344 26.209 433.589 1.05742 
40 344 34.1 432.807 1.54271 
360 344 358.904 424.441 0.32934 
368 344 365.668 424.502 0.922731 
376 344 374.956 432.345 0.604474 
392 344 391.978 432.469 0.126417 
400 344 399.238 433.175 0.85473 
408 344 407.49 432.611 0.654417 
416 344 416.259 431.819 0.109214 
424 344 422.961 431.06 1.14263 
488 344 488.65 431.064 0.535442 
24 352 17.826 442.043 1.2346 
32 352 26.175 441.002 1.42452 
40 352 34.238 441.221 1.32345 
48 352 46.925 438.032 1.5969 
72 352 66.795 440.215 1.40984 
160 352 158.997 434.121 0.499576 
344 352 343.04 437.372 0.164738 
352 352 351.185 436.9 0.266517 
360 352 359.666 437.218 0.641478 
368 352 366.726 437.475 0.402333 
376 352 376.103 437.846 0.834773 
392 352 390.319 439.093 1.30461 
416 352 417.569 438.703 1.6201 
432 352 432.165 440.834 0.444844 
440 352 439.995 439.954 0.559164 
448 352 446.944 440.266 1.79019 
488 352 487.347 438.868 1.68284 
24 360 17.778 449.857 1.44551 
32 360 25.506 449.681 1.82171 
40 360 34.15 448.441 1.80684 
48 360 42.659 448.764 1.2543 
96 360 94.411 445.275 0.776859 
152 360 150.213 442.746 0.149444 
160 360 158.856 442.38 0.393998 
336 360 334.99 445.824 0.158826 
344 360 343.64 445.543 0.743739 
352 360 351.508 445.854 0.508055 
360 360 359.64 445.454 0.58905 
368 360 366.733 445.337 0.384237 
376 360 374.877 444.903 0.272776 
384 360 383.844 443.571 0.78109 
456 360 455.49 447.696 1.22958 
480 360 481.05 441.024 1.76769 
496 360 497.65 448.372 0.0466851 
24 368 17.706 458.442 1.3435 
32 368 25.87 457.345 1.71577 
40 368 34.217 457.893 1.22555 
48 368 42.659 457.674 0.965111 
64 368 65.278 447.023 1.01384 
72 368 71.536 448.242 0.0747724 
88 368 85.336 452.936 0.394052 
96 368 94.236 453.552 0.656777 
136 368 135.872 450.591 1.34155 
328 368 327.97 452.816 1.24013 
336 368 334.493 453.297 0.32289 
344 368 342.627 453.755 0.289591 
352 368 350.881 454.509 0.173439 
360 368 358.786 455.204 0.422328 
368 368 366.422 454.121 0.777398 
376 368 374.634 453.564 0.592897 
384 368 384.481 450.265 1.5782 
416 368 416.902 454.085 1.10175 
456 368 455.797 455.002 0.736582 
480 368 480.335 449.375 0.99359 
488 368 487.828 449.163 0.512056 
496 368 498.607 454.616 1.44209 
24 376 17.628 466.203 1.60167 
32 376 26.352 466.302 0.959289 
40 376 34.58 466.424 0.758744 
48 376 42.242 465.34 1.55752 
64 376 65.842 454.723 1.40767 
72 376 71.113 456.878 0.262812 
88 376 85.462 460.918 0.329899 
328 376 326.984 461.664 0.212085 
336 376 334.705 462.317 0.171372 
344 376 342.241 462.559 0.733291 
352 376 350.445 463.402 0.681281 
360 376 358.6 463.828 0.666057 
368 376 367.038 463.558 0.312466 
376 376 374.903 462.979 0.488729 
384 376 384.308 463.195 0.775414 
456 376 456.055 462.014 0.225141 
480 376 479.639 457.463 0.310955 
488 376 488.808 458.291 1.13469 
496 376 498.056 461.854 1.18145 
24 384 17.723 474.167 1.61417 
32 384 26.168 474.757 1.02162 
40 384 34.045 473.882 1.5467 
48 384 42.602 472.798 1.51325 
64 384 65.298 461.83 0.557158 
72 384 71.022 464.314 0.579061 
336 384 334.771 470.939 0.145757 
344 384 342.335 471.4 0.699087 
352 384 350.012 472.06 1.16752 
360 384 358.855 471.078 0.350567 
368 384 366.82 471.403 0.515451 
376 384 374.676 471.74 0.800063 
384 384 383.051 471.383 0.492662 
392 384 393.035 472.195 1.25306 
456 384 454.845 468.996 1.13886 
464 384 463.05 465.568 0.172302 
480 384 480.181 466.25 0.625987 
24 392 17.871 481.858 1.68988 
32 392 26.164 481.822 1.48766 
328 392 326.739 477.673 0.0593573 
336 392 334.025 478.407 0.876838 
344 392 342.216 479.747 0.846973 
352 392 349.995 480.569 1.22716 
360 392 358.021 479.876 1.25428 
368 392 366.117 480.018 1.27761 
376 392 375.314 479.61 0.151134 
384 392 382.978 479.322 0.555425 
392 392 393.216 477.932 1.74736 
472 392 472.809 472.245 1.82592 
480 392 480.128 472.471 1.06824 
504 392 502.783 472.611 0.390384 
328 400 326.46 485.924 0.359887 
336 400 334.332 486.506 0.585938 
344 400 342.181 487.706 0.887901 
352 400 349.919 488.201 1.28221 
360 400 358.109 488.006 1.18169 
368 400 366.804 487.577 0.552939 
376 400 375.379 486.82 0 
384 400 384.278 487.037 0.771199 
480 400 478.791 477.988 0.449225 
504 400 503.325 479.968 0.328442 
80 408 79.136 489.948 0.0586611 
320 448 319.169 464.083 1.66757 
72 488 128.02 398.665 0.290797 
80 488 134.986 398.413 1.09336 
