47 233 44 317 0.101767 
47 311 44 396 0.312613 
56 334 54 420 0.601905 
59 141 57 224 0.909994 
64 126 60 208 0.349115 
65 104 62 185 0.229706 
63 354 61 439 0.591912 
66 271 62 354 1.97555 
70 347 65 433 1.11367 
70 79 67 159 0.633966 
69 357 66 443 0.297007 
71 197 68 280 0.293942 
75 123 71 205 0.40943 
74 128 71 210 0.206434 
75 142 71 225 0.923503 
78 217 75 300 0.739381 
79 158 76 241 0.517723 
79 162 76 244 0.571204 
80 134 77 217 1.05639 
80 130 78 213 1.0754 
81 193 79 276 0.144752 
83 88 80 170 1.11873 
84 360 80 446 0.991095 
84 160 82 242 0.527107 
84 346 81 432 0.264897 
85 97 83 179 0.741026 
87 224 84 307 0.93105 
87 215 85 298 0.571208 
90 163 87 244 1.63007 
94 140 90 221 1.06525 
92 351 89 437 0.413341 
95 105 91 187 0.867613 
97 83 94 164 0.264356 
96 150 94 231 1.36391 
95 386 93 470 1.98671 
99 175 95 258 4.6172e-14 
96 381 94 467 0.30346 
98 202 96 284 1.37823 
101 109 99 192 1.46807 
102 119 99 202 1.37016 
107 66 106 146 0.810902 
108 204 105 286 1.61768 
109 215 105 298 1.06281 
108 182 106 264 1.04452 
111 65 110 146 0.172024 
111 176 109 258 0.937945 
112 217 110 301 0.243125 
115 219 113 302 0.790268 
121 160 118 242 0.663629 
124 142 122 224 0.268487 
123 145 122 226 1.36245 
223 160 222 241 1.96156 
224 170 223 253 0.196992 
225 132 224 214 0.293889 
226 98 226 179 0.689435 
226 199 226 284 1.33353 
228 78 227 160 1.03261 
263 228 262 312 0.770338 
266 161 264 243 1.18735 
267 128 266 209 1.18439 
267 140 265 222 0.460089 
267 150 266 233 0.160711 
265 298 266 383 0.282284 
268 208 267 293 0.558847 
268 106 269 187 1.10057 
270 128 269 209 1.18161 
271 167 269 249 1.41336 
270 155 270 238 0.0156666 
272 220 270 304 1.09204 
277 181 275 265 0.0530316 
279 278 278 364 0.200307 
285 232 284 316 1.081 
289 128 288 209 1.15195 
287 206 287 289 1.10251 
289 151 289 234 0.0543153 
290 183 290 268 1.2677 
289 227 289 312 0.329124 
291 195 291 280 0.977054 
294 174 294 257 0.513395 
297 176 296 260 0.238707 
296 156 297 239 0.0745436 
300 174 299 258 0.280937 
300 208 300 292 0.318096 
303 68 302 149 0.950993 
302 188 302 272 0.0907257 
307 113 306 194 0.525126 
306 268 305 353 1.17098 
308 176 308 261 1.32207 
315 191 314 275 0.411302 
313 376 313 461 1.11009 
324 349 325 435 0.219357 
330 370 329 457 1.29926 
330 376 330 460 1.58284 
338 378 337 464 1.7957 
350 367 351 453 0.0039703 
352 353 352 439 0.947576 
355 380 355 467 0.697336 
361 373 361 459 1.03775 
360 368 362 454 0.884313 
363 385 364 470 0.342258 
365 369 365 455 1.06901 
367 377 368 462 0.365279 
372 146 373 228 0.991009 
371 383 372 469 0.131036 
379 143 379 224 1.59291 
382 81 383 163 1.02856 
382 99 384 182 0.504288 
390 54 392 136 0.511739 
391 381 392 467 0.247291 
394 133 394 216 1.22317 
392 377 393 463 0.26196 
395 91 396 172 0.655564 
395 97 397 180 0.542933 
396 158 397 241 0.554344 
399 159 401 242 0.435357 
400 89 402 171 0.259245 
401 376 403 461 0.570355 
405 315 405 400 1.61039 
406 158 406 242 0.067326 
409 101 411 184 0.539055 
410 123 411 204 0.41932 
411 375 411 462 1.30506 
412 171 413 253 1.91399 
414 100 417 181 0.803878 
416 299 416 383 1.77606 
419 63 420 145 1.67211 
419 140 419 222 1.74605 
418 145 419 227 0.307191 
418 205 420 288 0.235538 
419 76 422 159 0.32419 
419 377 421 463 0.593804 
422 160 424 242 0.848539 
424 153 426 236 5.53816e-11 
423 167 425 249 0.474006 
425 94 427 175 0.614922 
426 132 428 216 0.386264 
426 165 427 249 1.35355 
428 113 430 196 0.526106 
429 116 432 197 0.233405 
432 297 433 381 0.743203 
434 93 435 176 1.58172 
433 157 435 240 0.304344 
434 104 436 186 0.750726 
434 343 435 427 0.541944 
435 67 437 150 0.679873 
437 129 438 211 1.87276 
438 156 439 238 1.21301 
438 55 441 136 3.75698e-13 
439 99 441 180 1.08945 
439 201 440 285 1.17015 
439 80 442 161 0.0374443 
441 201 444 284 1.05265 
443 132 445 216 0.106184 
444 107 446 189 0.94289 
447 110 449 192 1.01052 
447 118 449 201 0.545413 
448 76 450 159 0.624138 
449 92 450 174 1.88167 
449 145 450 228 0.86535 
451 95 453 177 0.986409 
450 125 453 207 0.459708 
450 127 453 211 0.869723 
450 153 453 235 1.47006 
453 130 454 213 1.18436 
454 121 455 203 1.95745 
453 176 455 258 1.13093 
453 112 456 194 0.287919 
455 205 456 290 1.56106 
455 126 457 208 1.2845 
456 171 457 253 0.794703 
457 131 458 213 1.93731 
456 210 458 293 0.325126 
457 117 459 199 1.20872 
458 121 460 203 1.2603 
458 124 460 207 0.544846 
459 197 460 280 0.421978 
459 181 461 265 0.380092 
462 187 463 269 0.487974 
462 110 464 191 1.85013 
463 86 465 168 1.07094 
462 95 465 178 0.279408 
462 98 465 180 0.288137 
464 379 465 464 0.411173 
465 58 467 140 1.02513 
466 169 467 251 1.08362 
465 175 468 258 0.947753 
466 315 467 400 0.757402 
468 117 469 199 1.95466 
467 376 468 462 0.605397 
468 160 470 244 0.457083 
469 169 470 252 0.187844 
469 229 470 312 0.36829 
468 150 471 234 0.532378 
470 156 471 239 0.490814 
468 211 471 294 1.26822 
471 230 472 314 0.852477 
472 162 473 245 0.368979 
472 197 473 280 0.172633 
471 82 474 165 0.266503 
475 140 476 223 0.819813 
477 145 478 228 0.726845 
479 375 480 460 0.41275 
479 334 481 418 0.599973 
481 92 484 175 0.186233 
481 133 483 217 0.377174 
481 252 483 336 0.169898 
480 297 483 382 0.998547 
481 208 484 291 1.291 
482 94 486 177 0.891243 
482 119 485 201 0.890556 
485 133 486 216 0.890264 
483 189 486 272 1.12184 
483 333 485 419 0.0036996 
484 103 488 184 0.770854 
484 124 487 208 0.784573 
486 136 487 219 0.84809 
488 80 489 162 1.96725 
486 98 489 179 1.35752 
486 234 488 317 0.671923 
485 322 488 408 0.844687 
488 84 490 167 0.553381 
487 121 489 203 1.44276 
489 109 491 192 0.549135 
487 319 490 403 1.49627 
491 203 494 287 0.470704 
492 321 494 405 0.58892 
493 102 496 183 1.54154 
492 207 495 291 0.526035 
493 99 497 181 0.0802354 
496 145 497 228 0.725901 
495 301 498 385 1.40082 
497 224 500 307 1.44796 
499 210 501 294 0.0576936 
498 331 501 418 0.460786 
500 370 501 456 0.727223 
502 49 504 132 0.581439 
502 54 504 135 1.80136 
501 161 504 243 1.74914 
500 336 503 422 0.87199 
501 75 505 157 0.18505 
503 90 505 172 1.32419 
501 95 505 176 0.917101 
501 328 504 415 0.393189 
502 63 506 144 0.340899 
503 99 506 180 1.61994 
504 140 506 222 1.6013 
505 87 507 170 0.547818 
505 94 507 176 1.35252 
504 164 507 247 0.80496 
505 170 507 252 1.66894 
503 245 506 328 1.60162 
506 110 508 194 0.318117 
507 63 509 145 1.23093 
507 78 509 160 1.28555 
506 144 510 226 1.39141 
507 204 509 288 0.0745999 
507 372 509 457 0.560205 
507 86 511 167 0.824863 
507 104 511 187 0.474314 
507 108 511 190 0.468046 
510 67 512 149 1.25511 
508 72 512 153 0.581336 
509 75 512 157 0.59937 
508 90 512 171 0.925704 
508 99 512 180 1.13096 
510 134 512 217 0.614392 
508 230 511 314 0.787831 
510 261 511 345 0.470201 
510 112 513 193 1.93072 
510 131 513 213 1.31906 
513 69 514 151 1.96456 
512 115 514 198 0.578239 
511 213 513 297 5.73939e-13 
511 249 513 333 0.243338 
512 265 513 350 1.05479 
514 77 516 159 1.30762 
512 106 516 190 1.27031 
512 137 516 219 1.23762 
511 288 515 373 1.63646 
512 310 515 394 1.48613 
515 56 517 138 1.23792 
513 58 517 140 0.23152 
514 83 517 164 1.49811 
513 88 517 169 0.963533 
515 71 518 154 0.125297 
515 53 519 135 0.258006 
517 63 519 145 1.26611 
517 74 519 157 0.548636 
516 87 519 170 0.0381851 
516 98 519 181 0.0394003 
516 141 519 224 0.510966 
516 337 518 423 0.109974 
517 49 520 132 0.185803 
518 60 520 142 1.25977 
516 307 519 393 0.458721 
518 67 521 150 0.130004 
519 110 521 192 1.48727 
519 318 520 402 0.189014 
519 106 522 190 0.770336 
520 221 521 305 0.498644 
521 59 523 142 0.55272 
520 78 523 161 0.0720648 
520 98 523 180 0.923244 
521 48 524 131 0.177374 
521 69 524 152 0.110695 
521 86 524 167 1.61582 
522 100 524 183 0.56766 
521 140 524 223 0.517184 
523 103 525 186 0.573183 
521 117 525 199 0.821724 
521 121 525 204 0.0348953 
522 259 524 343 0.343384 
522 332 524 417 0.295646 
521 334 524 421 0.263778 
524 367 525 453 0.782729 
523 79 527 161 0.138458 
524 140 527 222 1.51971 
525 86 528 169 0.00324317 
525 137 528 219 1.48118 
527 148 530 230 1.64216 
528 210 530 294 0.0332475 
527 89 531 171 0.337858 
527 101 531 183 0.550689 
529 177 531 262 1.14702 
529 280 530 364 0.276572 
530 75 532 157 1.35304 
530 86 532 168 1.40083 
529 94 532 175 1.80819 
528 135 532 218 0.305598 
529 164 532 247 0.859277 
531 120 533 204 0.332391 
532 96 534 179 0.573501 
532 117 534 200 0.615662 
531 231 534 316 0.0256009 
530 287 533 371 1.33342 
532 141 535 224 0.571299 
530 249 535 334 1.59453 
532 256 534 341 0.362501 
533 316 534 400 0.110294 
533 241 536 325 0.89297 
534 298 535 383 0.774842 
534 320 535 405 0.631517 
536 77 537 159 1.94658 
534 222 537 305 1.51416 
533 274 536 359 0.558639 
534 302 537 387 0.86911 
536 330 537 415 0.56227 
536 89 539 171 0.931475 
535 140 539 224 0.543538 
536 298 538 381 1.2377 
537 62 540 144 0.693144 
537 209 540 294 0.392394 
536 244 540 330 0.0151093 
538 79 541 162 0.00927182 
538 72 542 153 1.00849 
537 249 542 334 1.52432 
537 302 541 387 1.66324 
538 375 541 462 0.604842 
541 47 544 130 0.123952 
540 54 544 136 2.95369e-13 
539 76 543 157 1.08911 
541 160 543 244 0.217718 
540 296 542 380 0.634761 
540 318 542 404 0.374706 
542 52 545 133 1.40784 
541 205 544 288 1.36272 
542 215 544 298 0.995559 
542 244 544 329 0.47907 
541 63 545 145 0.111374 
543 226 545 310 0.190228 
541 264 545 349 1.10312 
543 68 546 149 1.58865 
543 278 546 363 0.578913 
544 315 545 400 0.63566 
543 363 546 449 0.9226 
546 63 549 146 0.0452578 
544 86 548 167 1.32778 
546 278 548 362 0.544965 
547 68 550 150 0.80258 
545 138 549 221 0.455336 
546 206 550 291 0.050022 
547 272 550 358 0.218306 
548 288 550 372 0.614483 
547 56 552 137 0.243697 
549 132 551 216 0.287478 
549 328 551 414 0.295168 
550 71 554 154 0.539374 
549 179 553 264 0.666808 
550 291 553 376 0.713941 
551 248 554 334 0.62635 
550 263 554 348 1.03692 
551 331 554 415 1.69853 
553 67 557 147 1.9281 
553 86 557 168 0.537118 
554 92 557 175 0.166698 
553 285 556 371 0.0553254 
552 293 556 378 1.47501 
555 58 558 139 1.57607 
556 89 559 172 0.152378 
556 114 558 196 1.61291 
555 226 558 310 0.718732 
555 264 559 349 1.02782 
555 274 559 359 1.18596 
555 301 559 386 1.56833 
558 137 560 219 1.73168 
557 245 560 329 0.937415 
557 289 560 374 0.677362 
559 82 562 165 0.114822 
557 155 561 239 0.164892 
559 218 561 302 0.186588 
562 53 565 134 1.57812 
561 64 565 145 1.13641 
561 116 565 198 1.10661 
561 180 564 264 0.142836 
561 270 564 354 1.19807 
563 97 566 180 0.244103 
561 299 565 384 1.51679 
563 50 567 132 0.156098 
563 230 566 313 1.6421 
563 273 566 358 0.475458 
564 66 568 149 0.496347 
564 108 568 189 1.93467 
564 250 567 334 0.994415 
564 331 567 415 1.72124 
566 102 569 186 0.641044 
565 167 568 251 0.0115756 
566 299 568 383 0.74616 
567 160 569 245 1.13722 
565 247 569 331 1.5213 
568 65 571 147 0.895618 
566 199 570 284 0.24814 
567 271 570 356 0.444068 
567 282 570 367 0.578255 
567 154 571 236 1.84469 
569 160 571 243 0.866596 
568 222 571 306 0.677758 
569 228 573 312 1.21238 
569 305 573 391 0.879637 
569 337 573 422 1.95117 
570 86 575 168 0.251337 
571 244 574 330 0.762796 
573 104 577 188 0.920876 
573 196 576 280 0.36451 
573 319 576 406 0.345972 
573 168 577 253 0.875156 
573 294 577 380 0.67952 
573 329 577 414 1.84811 
576 57 580 140 0.507004 
576 183 579 266 1.18993 
578 198 580 282 0.114341 
575 315 580 401 1.73152 
579 136 582 219 0.679104 
579 71 583 154 0.350876 
579 91 583 173 0.812086 
578 241 582 325 1.40413 
580 100 584 182 0.957478 
580 130 584 213 0.471409 
581 91 585 175 1.03136 
582 105 585 187 1.34396 
581 115 585 197 1.20806 
581 248 584 333 0.130132 
582 152 586 235 0.853627 
583 83 587 167 1.10398 
584 100 587 182 1.30106 
583 130 588 213 0.338979 
585 92 589 176 0.999989 
586 149 589 231 1.84044 
586 152 589 235 0.873255 
585 199 588 283 0.419589 
586 138 590 222 0.366198 
586 308 589 394 0.132836 
587 101 591 184 0.0655819 
587 162 591 246 0.0412433 
589 148 592 231 0.839222 
588 158 592 242 0.0256103 
589 70 593 152 0.589734 
588 80 593 163 0.606699 
590 91 593 175 0.632249 
590 117 593 201 0.448661 
589 57 594 138 0.786877 
590 59 594 141 0.461682 
590 64 594 145 1.40095 
589 75 594 158 0.678498 
589 314 593 400 0.90486 
591 177 595 260 1.30176 
593 72 596 155 0.178882 
592 81 596 162 1.67387 
592 193 596 278 0.379397 
592 87 597 169 0.471021 
593 99 597 183 0.880059 
591 319 596 405 1.67904 
595 89 598 171 1.24199 
593 161 598 245 0.0854216 
594 94 599 176 0.62304 
595 99 599 182 0.0822886 
594 242 598 326 1.39678 
597 83 600 166 0.269449 
596 244 600 329 0.542732 
597 301 600 385 1.52126 
599 65 602 147 1.04822 
598 105 602 188 0.179994 
600 78 603 160 1.16349 
598 325 602 412 0.317199 
601 90 604 173 0.337011 
601 156 604 238 1.9599 
599 234 603 318 1.26942 
599 239 603 325 0.445219 
601 263 603 348 0.219178 
601 144 605 228 0.216341 
600 172 605 255 1.34285 
600 253 604 338 0.685027 
503 365 504 450 0.426406 
443 347 443 431 1.48198 
495 368 495 453 1.37665 
567 121 572 205 0.938717 
78 344 76 430 0.300255 
597 78 599 160 1.55116 
277 162 275 246 0.727124 
356 366 357 453 0.264071 
601 82 603 164 1.57954 
288 300 290 383 0.510032 
50 238 46 323 0.747668 
53 220 49 305 1.13111 
92 100 91 180 1.46232 
52 324 48 410 0.0595248 
58 305 54 391 0.246155 
339 275 340 361 0.460502 
571 89 573 172 0.616993 
484 145 488 230 1.68416 
51 369 46 456 0.446885 
53 153 48 236 0.714716 
57 326 53 413 0.764312 
60 224 54 307 1.3421 
61 320 55 405 1.80775 
62 153 57 236 0.688622 
61 326 59 413 1.5815 
66 75 65 157 0.972332 
67 124 66 207 1.13269 
75 158 70 240 0.488814 
75 136 74 217 1.08293 
79 152 74 236 1.66762 
81 232 76 316 0.519927 
84 165 79 248 0.28359 
84 232 79 316 0.542117 
81 326 78 413 0.973728 
79 372 78 458 0.47052 
83 355 80 442 0.470475 
84 146 82 230 1.74822 
87 165 82 249 1.27214 
83 201 82 285 0.825675 
86 152 85 234 0.383683 
87 134 86 215 1.07692 
89 186 86 271 1.85014 
88 83 87 164 0.161024 
90 152 89 234 0.395227 
91 149 90 231 0.346996 
96 347 91 434 0.5415 
94 88 93 169 0.256848 
95 354 92 441 0.368842 
100 69 96 151 1.83154 
98 132 95 212 1.92493 
96 360 94 447 0.795713 
96 357 95 442 0.33762 
103 129 102 211 0.0263492 
106 354 103 441 0.257395 
108 94 108 176 0.41357 
110 354 107 441 0.215946 
112 105 110 185 1.42091 
111 130 109 210 1.97626 
113 93 111 173 1.14875 
116 355 116 440 0.100531 
128 213 127 298 1.40652 
227 146 224 227 1.55579 
223 285 223 368 1.59293 
223 288 223 371 1.61479 
230 119 227 200 0.596091 
236 111 233 193 0.686833 
260 296 258 382 0.879167 
263 266 260 351 1.73026 
266 172 263 256 0.32457 
267 244 264 329 1.23453 
268 221 265 305 1.46452 
269 56 269 135 1.30137 
271 189 268 273 0.385229 
272 200 270 285 0.438367 
275 162 272 244 1.31397 
286 128 284 211 0.993046 
289 56 287 136 0.901968 
287 157 287 242 1.91502 
296 163 294 246 0.403161 
298 135 296 217 0.243332 
294 186 296 270 0.673548 
296 276 295 363 0.301457 
298 189 297 274 0.794455 
298 124 299 208 1.46875 
305 95 303 175 0.339624 
306 137 304 220 0.677671 
306 282 305 369 1.71723e-13 
311 148 309 232 1.18735 
311 164 312 248 0.728647 
317 190 316 275 0.544671 
319 153 317 237 0.939299 
320 248 318 333 1.72847 
320 269 320 356 0.69441 
345 374 346 461 0.367565 
347 378 348 466 0.669038 
346 385 348 471 0.963322 
349 376 352 461 1.56837 
350 382 352 467 0.630608 
351 393 351 477 1.55684 
358 372 357 459 1.67679 
362 381 364 466 0.616038 
366 390 366 474 1.55066 
374 90 374 170 0.3076 
378 135 379 219 1.32337 
375 367 378 452 1.54436 
384 365 385 452 0.0445974 
403 78 406 158 1.09132 
403 103 406 184 1.18408 
403 148 406 231 0.465108 
406 376 406 460 1.51191 
405 383 407 467 0.503404 
416 67 420 149 1.3662 
416 98 420 179 1.70425 
422 84 424 164 0.537355 
421 327 423 414 0.417914 
422 144 425 229 0.173166 
423 173 424 254 1.48148 
424 99 428 181 1.43438 
430 119 433 199 1.27948e-12 
432 168 433 249 0.000561196 
429 335 432 418 1.42475 
434 64 437 148 0.409093 
435 116 437 196 1.34157 
436 119 438 199 1.47678 
435 106 439 187 0.963558 
436 89 440 170 1.01019 
437 111 440 191 0.432579 
439 134 441 215 1.72102 
438 71 442 153 1.15041 
438 114 442 196 1.02787 
439 109 443 190 0.731093 
440 124 443 204 1.036 
444 169 444 251 0.197635 
443 84 447 167 1.32174 
446 207 450 292 1.31377 
447 82 451 163 0.696819 
452 161 454 246 1.48663 
451 165 455 248 1.20087 
456 134 456 217 1.60515 
458 187 458 269 0.349275 
455 105 459 188 1.13926 
461 61 463 141 1.73805 
459 90 463 173 1.18386 
465 193 465 276 0.965605 
463 348 464 432 0.384089 
464 112 468 193 0.468896 
468 206 468 289 1.08279 
464 224 468 308 1.70254 
466 347 467 431 0.372736 
465 89 469 171 0.595644 
466 92 470 175 1.09614 
470 190 471 271 1.416 
472 119 472 203 0.919163 
468 134 472 218 1.18587 
469 148 473 230 1.29302 
474 127 474 211 0.619447 
475 124 475 207 1.56335 
475 112 476 197 0.358902 
477 103 478 187 0.522937 
478 136 478 219 1.18692 
478 139 482 223 0.928327 
482 336 485 423 0.693638 
487 114 488 197 1.08708 
488 256 488 340 1.49189 
486 317 489 400 1.82878 
490 73 492 157 0.0673934 
488 334 491 422 0.278948 
490 152 494 236 0.44095 
491 296 494 379 1.77975 
493 382 494 470 1.19479 
493 82 497 166 1.5851 
496 380 496 467 1.9015 
495 184 498 266 1.98655 
497 105 500 190 1.66667 
499 128 500 210 1.85226 
498 372 499 460 1.33551 
500 357 501 441 0.136827 
499 104 504 187 1.11328 
503 107 506 192 1.67305 
501 136 506 220 1.04554 
503 373 505 457 0.894146 
504 352 506 440 0.667886 
508 53 509 136 1.33792 
510 154 511 236 1.65929 
508 102 512 183 1.20426 
510 47 513 131 0.832032 
513 368 514 455 1.13821 
513 48 516 132 0.839842 
511 64 516 145 0.217117 
515 100 516 182 1.93076 
513 246 515 332 1.14312 
517 136 519 221 1.33032 
518 212 518 295 0.210066 
519 336 519 421 1.45796 
516 65 521 147 0.819015 
520 83 522 167 0.252818 
522 384 523 468 0.111683 
520 149 525 231 1.54038 
524 315 526 402 0.872022 
527 250 527 334 1.07906 
528 244 528 328 1.06132 
525 378 529 466 1.23896 
530 49 531 132 1.25901 
530 273 532 360 1.51176 
529 293 532 380 0.401133 
530 284 533 367 1.93186 
534 49 535 132 1.24397 
533 67 535 151 0.231158 
534 146 535 228 1.77369 
530 369 534 456 1.49678 
536 246 537 331 1.1053 
535 278 538 361 1.91824 
537 380 539 468 0.672452 
538 259 541 346 1.10262 
539 341 541 429 1.17424 
540 74 545 155 0.498589 
544 209 545 294 1.2527 
541 377 545 465 1.04007 
542 261 547 347 0.99456 
545 335 549 422 0.910082 
550 227 552 309 1.93955 
550 280 552 363 1.27094 
550 142 554 227 1.43537 
552 320 553 404 0.0229911 
554 107 555 191 0.0287299 
555 330 556 414 0.0821451 
555 207 558 293 1.36366 
558 277 559 361 0.104394 
558 272 560 355 1.2907 
558 55 563 138 1.229 
558 65 563 148 1.09835 
558 101 563 182 1.3848 
561 82 564 167 1.64803 
564 200 565 284 0.237649 
563 279 565 362 1.34589 
565 295 566 379 0.00345597 
566 260 567 345 0.90719 
563 325 568 412 1.36962 
571 112 573 195 0.681234 
568 293 573 379 1.39596 
570 51 576 133 0.930896 
576 76 578 159 0.597408 
576 246 577 331 0.944626 
575 49 581 130 0.0819385 
578 67 582 151 1.26954 
579 108 583 193 1.79774 
580 146 583 231 1.20812 
581 343 582 428 0.340818 
578 128 584 211 0.102896 
585 160 587 245 1.08306 
583 62 588 142 1.67802 
585 132 588 217 1.32452 
588 299 589 384 0.589496 
585 212 590 296 1.26871 
589 261 590 345 0.0234582 
586 105 592 188 0.459003 
588 88 593 172 1.40002 
587 169 593 254 0.635832 
589 359 592 447 0.503835 
590 134 596 218 0.645368 
593 47 597 131 1.34137 
592 64 598 146 0.408048 
594 106 599 190 1.05949 
597 109 599 192 0.729902 
593 150 599 233 0.815844 
595 58 600 141 0.876618 
596 87 601 171 1.36042 
596 135 601 219 0.480475 
600 93 602 177 0.262668 
601 119 605 204 1.56765 
599 131 605 214 0.315452 
99 156 98 240 1.51004 
109 78 105 157 1.3056 
112 116 108 196 1.42136 
263 295 261 382 0.154322 
273 116 272 196 1.76993 
303 330 305 414 0.156285 
336 263 337 350 1.24981 
346 355 346 443 0.165351 
355 350 356 438 0.642196 
380 359 381 447 0.212806 
382 316 385 400 1.16803 
417 172 420 257 1.23838 
433 150 437 231 1.56317 
447 137 451 218 0.956107 
459 146 458 229 1.18302 
478 129 477 212 1.81132 
507 96 512 176 1.29001 
515 80 520 160 0.979759 
523 120 528 201 1.53108 
526 369 527 457 1.60984 
536 53 540 137 1.53202 
542 282 542 365 0.258737 
543 317 547 405 0.0710911 
548 48 550 132 0.209088 
551 49 553 133 0.219548 
550 60 556 143 1.83986 
566 57 571 141 1.95754 
575 225 577 311 1.51706 
573 299 578 386 0.755467 
583 78 584 160 1.94506 
583 310 584 394 0.167465 
582 86 588 170 1.86755 
589 322 590 406 0.250198 
592 109 593 191 1.94137 
600 112 601 195 0.977749 
594 259 600 344 1.8654 
599 63 605 146 1.23806 
