221 198 219.03 279.769 0.0485387 
269 433 268 485 1.26445 
108 148 105.778 230.001 0.0516272 
87 255 84.214 337.694 0.266336 
158 389 154.286 473.288 0.120841 
141 119 138.597 200.393 0.520335 
119 387 115.024 471.615 0.0483968 
77 371 73.118 458.652 0.0433582 
256 361 253.672 445.128 0.43738 
196 76 194.703 157.269 0.0728712 
148 186 145.547 268.152 0.0832177 
407 40 409.101 123.163 1.5193 
227 31 224.586 134.446 0.191726 
139 376 135.062 460.149 0.0911148 
221 187 218.986 268.941 0.0520867 
166 424 164 484 1.23146 
179 165 176.593 247.032 0.321611 
174 265 172.207 325.018 0.237837 
136 347 132.354 430.732 0.00698694 
173 288 171.36 348.49 0.575872 
440 64 441.873 146.109 0.700993 
260 261 258.398 344.209 0.523316 
42 161 38.817 248.029 1.13704 
556 244 558.77 328.159 0.308871 
154 51 152.767 132.369 0.115104 
148 389 144.149 473.285 0.0448184 
212 402 209 485 0.400093 
109 386 104.786 470.179 0.160371 
155 348 151.662 431.655 0.206964 
260 272 258.222 355.111 0.396904 
184 42 181.489 145.551 0.498812 
549 262 551.807 346.525 0.0409887 
255 384 252.889 468.842 0.843787 
608 172 612.086 255.786 0.289915 
70 192 66.528 277.905 1.02224 
81 87 78.347 169.248 0.981321 
182 424 180 485 0.893376 
575 56 579.102 138.353 0.347146 
63 101 59.593 184.775 1.68705 
387 298 382.672 405.273 0.0586546 
137 218 134.163 300.351 0.188083 
266 138 265.388 223.417 0.980448 
510 160 512.04 243.314 0.0855432 
176 209 173.23 291.238 0.359556 
473 92 475.389 174.408 0.747986 
467 205 468.646 289.131 0.587285 
358 231 357.496 322.935 1.46129 
255 373 251.572 479.544 1.37169 
605 165 609.171 248.61 0.160122 
253 428 252.002 479.4 0.778722 
64 103 61 186 1.24039 
188 254 186.592 313.652 0.2642 
261 249 259.449 331.779 0.46452 
257 339 253.985 445.937 1.61117 
258 305 256.208 388.23 0.585413 
225 87 223.809 168.4 0.0946664 
49 118 45.5 206.516 1.83995 
172 321 169.13 404.101 0.363056 
563 259 566.18 343.628 0.000882719 
227 64 225.892 145.019 1.16539e-13 
218 265 215.599 347.634 0.101044 
584 138 587.94 221.376 0.131609 
111 115 108.777 196.684 0.315729 
365 355 363.724 440.309 0.0341544 
524 33 526.932 114.345 0.0508382 
335 227 334.603 320.347 1.94459 
148 60 146.421 141.464 0.149541 
495 55 497.537 136.739 0.316289 
139 399 134.977 483.48 1.65544e-13 
275 336 271.567 443.378 1.25936 
181 413 179.247 474.107 1.10177 
548 131 551.168 214.414 0.228186 
36 354 31 433 0.885851 
179 143 176.586 224.75 0.489789 
54 172 50.363 258.997 1.44092 
82 371 77.552 458.343 0.512954 
531 116 533.778 198.981 0.123271 
56 52 52.82 132.698 1.80644 
468 168 469.803 251.296 0.524712 
215 334 212.266 417.194 0.243975 
182 98 180.014 179.482 0.394352 
492 81 494.24 163.228 0.203455 
172 310 169.453 393.034 0.60814 
192 175 190.131 256.8 0.203816 
190 166 186.573 270.457 0.445202 
179 153 176.605 234.908 0.396441 
459 50 460.309 131.355 0.327773 
285 45 284.802 133.639 1.04033 
108 253 105.053 335.191 0.0568751 
489 71 491.168 152.977 0.129507 
385 278 383.884 370.036 0.733631 
229 267 227.083 349.529 0.492546 
133 319 129.465 402.203 0.099687 
151 119 148.973 200.274 0.175673 
556 303 559.106 388.376 0.198547 
276 137 275.502 220.658 0.8596 
371 51 370.514 140.849 0.345402 
218 220 215.646 302.278 0.146814 
262 227 261.223 308.714 1.02012 
65 200 61.243 286.743 1.27553 
517 34 519.868 115.312 0.118743 
568 304 571.523 389.373 0.281642 
57 236 52.549 321.389 1.6434 
189 231 186.576 313.259 0.058689 
149 81 147.191 162.307 0.23007 
572 71 576.01 153.369 0.315759 
145 148 142.606 229.566 0.304734 
139 388 135.068 472.26 0.00584565 
151 129 148.888 210.468 0.183592 
107 182 104.386 263.76 0.171507 
438 66 439.881 148.106 0.744953 
110 358 106.172 441.923 1.38104e-13 
87 34 85.061 113.962 0.663282 
169 367 165.287 450.993 0.113153 
492 206 493.929 290.007 0.33484 
231 166 228.251 270.456 0.471026 
237 53 235.803 135.588 0.119016 
407 60 408.611 142.013 0.920741 
173 299 169.118 404.418 0.0279212 
95 418 91.989 474.917 1.70976 
128 68 126.195 149.014 0.285338 
539 63 542.126 145.009 0.0862813 
173 278 171.379 338.179 0.51913 
222 153 220.16 234.579 0.115503 
377 310 373.215 419.034 0.959747 
576 319 580.109 404.33 0.57228 
222 176 220.053 257.642 0.0778354 
557 120 560.26 203.277 0.0942667 
150 164 147.741 245.64 0.0677072 
360 45 359.903 134.917 0.803461 
429 45 430.53 126.725 0.426718 
566 259 569.405 343.682 0.153787 
500 152 501.896 234.875 0.113536 
409 85 410.449 167.659 0.902407 
208 161 206.089 242.711 0.0328994 
53 201 49.314 287.682 1.235 
512 174 513.946 257.558 0.167097 
602 163 606.124 246.586 0.130669 
220 300 217.529 382.978 0.244647 
460 60 462.514 141.787 0.935984 
116 247 113 329 0.0648358 
499 209 500.798 292.729 2.49044e-13 
85 132 82.885 216.2 0.0994283 
553 261 555.672 345.359 0.311371 
586 230 589.964 314.491 0.198257 
35 467 0 0 0.517154 
184 53 181.214 156.643 0.69083 
274 209 273.355 293.505 1.1827 
575 219 578.603 303.175 0.0749793 
146 207 143.442 289.504 0.0200197 
534 139 536.734 222.112 0.0388882 
404 267 402.937 357.491 0.252071 
517 66 519.522 147.931 0.0740981 
369 337 367.328 421.49 0.596381 
462 97 463.929 179.286 0.477661 
151 36 149.535 117.437 0.218822 
175 243 173.115 302.779 0.0243664 
217 277 214.484 359.826 0.078812 
143 214 140.24 296.233 0.163969 
265 166 263.562 252.158 0.38083 
197 97 195.407 178.231 0.090011 
191 219 188.839 301.056 0.220411 
64 51 60.964 131.78 1.65838 
263 205 260.706 309.148 1.27009 
109 320 106.665 403.086 1.19643 
224 130 222.265 211.485 0.171612 
473 61 474.993 142.328 0.113598 
141 319 138.116 402.573 0.520603 
116 259 113.011 341.478 0.0406842 
48 167 44.538 254.15 1.34028 
587 157 590.847 240.634 0.000308401 
530 175 532.453 258.732 0.0243553 
170 85 169.182 144.08 0.0551886 
200 341 197.167 424.424 0.33417 
265 160 263.837 245.927 0.602479 
176 231 173.097 313.317 0.338713 
509 122 511.475 204.959 0.277526 
66 73 63.031 153.987 1.40785 
228 153 226.498 234.931 0.199861 
111 50 109.166 130.623 0.437467 
285 118 283.883 209.568 0.796018 
143 136 140.664 217.544 0.329978 
35 479 0 0 0.521389 
456 130 457.71 212.569 0.471676 
170 344 166.774 427.586 0.194997 
141 344 137.419 427.654 0.0104254 
33 457 0 0 1.33754 
374 383 373.29 470.852 0.909239 
47 197 43.219 283.95 1.39763 
230 210 228.332 292.084 0.368791 
599 117 603.29 199.997 0.0494146 
96 318 92.446 402.251 0.0170456 
562 228 564.99 312.192 0.206656 
146 183 143.458 265.097 0.188251 
99 337 95.886 422.62 0.558847 
195 88 192.226 191.92 0.335397 
108 76 105.994 156.838 0.40267 
173 108 172.095 167.39 0.0859528 
107 102 104.739 183.596 0.453266 
579 129 582.823 212.348 0.143997 
593 74 597.439 156.562 0.29729 
91 69 88.883 150.271 0.570594 
215 404 212 485 0.252324 
502 134 504.338 216.734 0.242425 
220 306 217.495 389.071 0.25218 
541 85 543.856 167.484 0.116288 
514 160 516.485 243.302 0.262101 
183 377 179.849 461.063 0.416373 
278 187 277.088 272.744 0.880131 
58 214 53.967 300.81 1.45713 
480 88 482.339 170.339 0.552945 
169 378 165.421 462.137 0.10122 
186 309 183.563 391.899 0.609245 
100 356 95.669 441.65 0.505749 
152 153 149.772 234.708 0.12278 
166 151 163.67 232.776 0.291353 
39 209 36.135 294.51 0.352019 
553 311 556.035 396.31 0.171725 
182 389 178.777 473.219 0.437953 
185 31 182.629 134.34 0.438308 
558 54 561.651 136.063 0.211932 
143 63 141.404 144.165 0.13894 
189 188 186.662 269.869 0.157667 
601 81 605.338 163.569 0.00277905 
579 135 582.815 218.439 0.149928 
433 129 434.264 211.291 0.384771 
576 109 579.78 192.006 0.115078 
441 120 442.319 202.4 0.303681 
171 95 169.126 176.777 0.249856 
187 297 183.483 402.231 0.407792 
250 175 248.339 258.584 0.116755 
550 247 552.631 331.259 0.275332 
193 186 191.005 267.679 0.139307 
350 372 348.546 458.433 0.319698 
136 260 133.202 342.907 0.177051 
137 206 134.266 288.133 0.178 
231 335 228.599 418.808 0.469183 
244 248 242.229 330.557 0.391722 
612 82 616.516 164.483 0.112949 
128 420 124.661 481.44 0.715251 
537 229 539.621 313.033 0.00110936 
226 121 225.71 180.043 0.160772 
101 223 98.251 306.616 0.0183987 
425 136 426.231 218.141 0.476739 
53 153 49.578 240.546 1.41056 
94 152 91.788 234.047 7.12249e-14 
195 108 192.249 211.86 0.173076 
539 102 541.812 184.597 0.0955449 
227 77 225.821 158.278 0.0249005 
235 100 233.721 181.376 0.0175853 
486 164 487.353 246.915 0.347646 
230 144 228.478 225.567 0.0878909 
85 391 80.12 476.673 0.745654 
184 345 181.192 428.282 0.507294 
483 44 484.806 125.246 0.288943 
267 94 266.82 178.531 1.08656 
216 293 213.46 375.942 0.167061 
142 331 138.701 414.625 0.190745 
186 355 183.028 438.736 0.413317 
529 272 531.863 356.842 0.56444 
178 121 175.739 202.483 0.493262 
224 108 222.615 189.423 0.0386501 
259 294 257.424 377.354 0.743616 
99 251 96.029 333.528 0.033728 
138 184 135.406 266.071 0.207056 
496 223 498.026 306.862 0.314737 
86 320 81.376 404.965 1.06953 
77 312 72.561 397.369 0.957678 
128 399 123.739 483.429 0.183333 
561 340 569.776 398.324 1.77627 
548 78 551.072 160.46 0.0574861 
261 238 259.912 320.439 0.839495 
104 162 101.508 244.021 0.206161 
57 313 52.39 399.427 1.17211 
548 141 551.332 224.471 0.393822 
239 360 236.452 443.632 0.364726 
181 120 177.588 224.378 0.829031 
84 117 81.393 200.645 0.707297 
209 334 206.257 417.529 0.308998 
591 245 594.999 329.75 0.129485 
232 389 229.354 473.402 0.559504 
35 473 0 0 2.03276e-13 
512 97 514.297 179.56 0.0497492 
439 68 440.708 150.169 0.573503 
189 242 187.888 301.591 0.463822 
491 181 492.328 264.298 0.387057 
503 140 505.278 222.735 0.165658 
237 183 235.118 265.973 4.1478e-14 
516 274 518.747 358.828 0.755144 
182 87 178.76 191.204 0.894072 
187 320 184.469 402.986 0.583982 
113 36 111.475 116.252 0.239686 
228 190 226.277 272.184 0.21775 
110 330 107.303 413.318 0.910155 
592 289 595.927 374.26 0.036154 
270 48 269.591 135.497 0.821978 
74 230 70.324 316.498 0.912482 
549 226 551.644 310.072 0.250061 
136 350 132.304 433.776 0.0339086 
448 122 449.735 204.582 0.627764 
590 45 594.528 127.183 0.395379 
324 404 324.532 470.784 0.189328 
524 197 526.666 281.04 0.37356 
110 353 106.256 436.545 0.0453995 
145 255 142.345 337.959 0.248694 
603 150 607.062 233.384 0.238482 
172 376 168.486 460.13 0.131253 
386 376 385.34 462.933 0.584311 
452 109 453.622 191.446 0.400155 
545 136 548.07 219.335 0.177532 
127 73 124.973 154.193 0.466244 
333 370 332.129 455.37 1.00958 
560 179 563.322 262.899 0.170554 
458 145 459.593 227.883 0.399857 
180 391 176.419 475.718 0.129566 
496 116 498.255 198.622 0.248521 
173 331 170.147 414.248 0.446829 
72 178 68.763 263.414 0.888196 
602 181 606.177 264.738 0.0837157 
270 376 266.528 482.788 1.39457 
228 54 226.842 135.278 0.10244 
112 265 109.275 347.787 0.362552 
523 319 526.806 404.37 1.68305 
106 356 102 440 0.175954 
257 375 253.555 481.563 1.37284 
248 88 247.454 170.519 0.664871 
485 135 487.137 217.882 0.413584 
225 99 223.705 180.221 0.0543426 
462 88 464.008 170.308 0.545215 
563 68 566.9 150.227 0.376623 
334 395 332.599 482.411 0.829119 
329 375 327.075 461.415 0.183001 
535 77 537.757 159.286 0.130459 
513 144 515.442 226.809 0.135043 
438 133 439.396 215.512 0.475114 
33 148 30 235 1.1125 
605 262 609.885 347.34 0.713042 
194 164 192.368 245.61 0.347644 
177 198 174.52 280.158 0.153431 
187 288 185.555 348.183 0.478532 
553 91 556.157 173.698 0.0332829 
358 61 357.63 151.657 0.713422 
484 41 486.669 122.711 0.624535 
229 103 227.593 184.294 0.0554662 
528 118 530.68 200.964 0.0868071 
80 104 77.288 187.574 0.92449 
518 143 520.675 225.725 0.238713 
178 176 175.495 258.316 0.328947 
389 381 388.673 467.723 0.832121 
114 284 111.333 366.976 0.564876 
153 362 149.484 445.859 0.146004 
241 406 239.473 467.655 0.157108 
597 238 601.098 322.618 0.0502782 
499 135 501.311 217.729 0.276021 
129 259 126.108 341.667 0.097873 
171 332 167.981 415.495 0.309736 
184 355 181.107 438.652 0.503995 
510 264 512.417 347.541 0.289068 
462 193 463.801 277.073 0.813071 
223 142 221.08 223.49 0.27531 
186 255 184.429 314.816 0.154202 
240 375 237.408 458.902 0.411505 
572 285 576.122 370.399 0.812155 
106 224 103.408 306.199 0.185051 
392 299 387.858 407.059 0.356392 
575 33 579.273 115.073 0.464103 
469 39 470.221 120.514 0.575606 
477 151 478.751 233.744 0.17653 
345 343 343.527 428.018 0.0913345 
128 360 124.264 444.112 0.0409846 
487 83 489.093 165.224 0.154165 
95 346 90.914 432.34 0.343903 
543 231 545.699 315.054 0.0638682 
93 369 88.5 456.409 0.582596 
168 389 164.238 473.317 0.00692142 
411 95 411.844 177.371 0.257399 
68 113 64.613 202.248 1.68557 
371 145 371.137 211.115 1.97966 
176 220 173.136 302.253 0.37743 
607 91 611.634 173.655 0.149363 
571 265 574.744 349.835 0.377385 
510 84 512.059 166.358 0.291237 
470 149 471.719 231.875 0.303207 
254 418 252.735 480.029 0.163565 
145 83 143.317 163.968 0.0852268 
413 46 414.998 128.347 1.22732 
234 143 232.554 224.558 0.126963 
596 37 600.661 118.985 0.349206 
94 217 90.893 300.985 0.388096 
166 143 163.73 224.717 0.289677 
99 332 95.883 417.378 0.517648 
257 180 254.966 264.593 0.203714 
606 296 610.716 382.4 0.700831 
557 136 560.306 219.539 0.186929 
223 390 220.285 474.187 0.57594 
305 231 303.705 323.635 1.20854 
443 321 442.634 408.52 0.152405 
225 322 222.445 405.171 0.255793 
131 353 127.22 436.813 0.0719809 
551 224 553.681 308.011 0.274328 
140 140 137.507 221.602 0.447751 
348 427 349.271 482.004 1.50721 
111 92 109.01 173.59 0.26379 
