512 97 514.541 179.629 0.273045 
439 68 440.775 150.088 0.675422 
189 242 186.499 324.57 0.0194767 
491 181 492.81 264.568 0.115291 
503 140 505.219 222.948 0.132003 
237 183 235.31 264.772 0.0628056 
516 274 518.764 358.366 0.299622 
182 87 180.396 168.463 0.0740753 
187 320 184.408 403.119 0.257865 
566 221 569.402 305.206 0.00301042 
228 190 226.037 271.952 0.164495 
83 125 79.969 208.733 0.307238 
110 330 106.501 414.058 0.26791 
592 289 596.074 374.361 0.0146089 
127 284 124.28 366.835 0.426392 
74 230 70.391 314.424 0.12586 
549 226 551.738 310.106 0.26849 
136 350 132.431 433.856 0.0563836 
448 122 449.627 204.442 0.428647 
524 197 526.386 280.763 0.0278551 
110 353 106.127 437.069 4.42185e-14 
145 255 142.366 337.602 0.228696 
391 340 390.042 424.995 0.431305 
172 376 168.785 460.001 0.199755 
386 376 385.04 462.029 0 
452 109 453.706 191.376 0.437314 
545 136 548.142 219.359 0.329335 
127 73 125.106 153.976 0.145461 
560 179 563.299 262.779 0.111732 
458 145 459.577 227.838 0.318369 
496 116 498.378 198.843 0.45036 
173 331 170.128 414.45 0.249795 
270 376 267.743 459.904 0.142629 
535 170 537.965 253.959 0.492746 
228 54 226.979 135.046 0.109179 
112 265 109.299 347.591 0.39111 
106 356 102.034 440.111 0.0448212 
257 375 254.446 458.965 0.205163 
248 88 247.023 169.992 0.373791 
485 135 487.026 217.793 0.246732 
225 99 223.712 180.452 0.127867 
185 74 183.548 155.45 0.150468 
91 62 88.941 143.067 0.262584 
74 240 70.491 323.933 0.0787666 
146 183 143.484 264.991 0.094908 
99 337 95.033 421.015 0.112122 
195 88 193.381 169.491 0.00553789 
108 76 105.772 157.614 0.265843 
173 108 171.054 189.526 0.108042 
286 337 283.957 420.973 0.114977 
107 102 104.995 183.903 0.153707 
579 129 582.864 212.176 0.19485 
593 74 597.302 156.496 0.262253 
91 69 88.732 150.366 0.367616 
502 134 504.258 216.84 0.160332 
220 306 217.772 389.158 0.249353 
541 85 543.996 167.634 0.177818 
514 160 516.327 243.429 0.151331 
183 377 179.809 461.045 0.128645 
480 88 482.323 170.179 0.484574 
169 378 165.62 462.071 0.0981983 
186 309 183.472 392.089 0.296893 
533 189 535.814 272.924 0.280769 
397 349 396.436 434.382 0.0497612 
100 356 96.063 440.1 0.01224 
152 153 149.735 234.671 0.0866615 
166 151 163.673 232.838 0.188811 
477 167 478.596 250.1 0.0319518 
553 311 556.171 396.314 0 
78 289 74.178 373.142 0.0890007 
558 54 561.984 136.001 0.559455 
270 61 269.519 142.779 0.527701 
143 63 141.478 144.393 0.210796 
72 117 68.783 201.687 0.352275 
189 188 186.855 269.954 0.0107052 
579 135 582.835 218.25 0.17022 
433 129 434.56 211.383 0.577108 
576 109 579.94 191.914 0.312082 
441 120 442.63 202.436 0.551355 
171 95 169.166 176.515 0.043434 
187 297 184.497 380.004 0.25949 
250 175 248.903 257.034 0.439155 
550 247 552.788 331.248 0.321089 
193 186 190.903 267.939 0.00565407 
350 372 348.783 459.025 0.869473 
136 260 133.309 342.514 0.225469 
137 206 134.392 288.13 0.00767298 
231 335 228.641 418.632 0.189848 
462 88 463.857 170.127 0.351409 
563 68 566.731 150.245 0.287267 
535 77 537.933 159.307 0.118749 
513 144 515.501 227.278 0.325805 
438 133 439.567 215.435 0.512237 
194 164 192.015 245.84 3.76333e-14 
177 198 174.543 280.16 0.132178 
187 288 184.514 370.891 0.221004 
486 247 488.413 331.12 0.685932 
553 91 556.154 173.704 0.0877147 
247 119 246.124 200.784 0.488373 
229 103 227.733 184.462 0.130608 
250 103 248.971 184.98 0.340807 
528 118 530.753 200.895 0.191954 
518 143 520.496 226.194 0.188634 
178 176 175.691 257.89 0.144498 
389 381 388.326 466.903 0.11561 
114 284 111.136 366.913 0.381791 
153 362 149.323 445.926 0.123533 
597 238 600.987 322.622 0.139467 
463 71 464.977 153.033 0.444295 
499 135 501.225 217.978 0.247611 
129 259 126.2 341.443 0.140327 
562 198 565.219 282.022 1.39854e-13 
530 184 532.588 267.914 0.169473 
66 269 62.065 352.25 0.471657 
171 332 168.074 415.479 0.227597 
184 355 180.919 438.781 0.0997469 
71 249 67.847 331.971 0.115797 
535 297 538.01 382.044 0.260671 
510 264 512.218 348.167 0.0726401 
462 193 463.744 276.954 0.734339 
545 187 547.972 270.972 0.199857 
223 142 221.27 223.661 0.0991719 
186 255 183.402 337.732 0.00474807 
240 375 237.516 459.131 0.152672 
572 285 575.458 370.087 0.1227 
106 224 103.352 306.392 0.241981 
375 372 374.034 458.002 0.199532 
478 218 479.968 302.022 0.555701 
477 151 478.707 234.01 0.149742 
345 343 344.181 427.975 0.484383 
567 204 570.338 287.908 0.108915 
291 351 288.889 435.07 0.22667 
250 159 248.893 241.02 0.39732 
128 360 124.199 444.013 0.0335716 
487 83 489.247 165.263 0.345803 
95 346 90.986 431.112 0.174431 
196 119 194.28 200.482 0.00464076 
543 231 545.652 315.14 0.224984 
174 255 171.473 337.597 0.120895 
98 373 93.72 457.271 0.196187 
261 318 258.942 401.413 0.0103101 
93 369 88.52 453.818 0.24176 
411 95 411.873 177.411 0.369875 
68 113 65.056 197.557 0.139576 
176 220 173.484 302.282 0.0779354 
571 265 574.545 349.827 1.45113e-13 
510 84 512.489 166.316 0.169408 
470 149 471.775 231.826 0.262144 
510 248 512.144 332.089 0.0762201 
145 83 143.187 164.485 0.035736 
234 143 232.352 224.56 0.14446 
166 143 163.807 224.783 0.104513 
99 332 94.963 417.073 0.0645487 
257 180 255.979 262.014 0.439456 
88 236 84.739 320.02 0.135603 
557 136 560.348 219.375 0.270066 
225 322 222.565 405.198 0.028416 
131 353 127.441 436.914 0.127333 
551 224 553.857 308.1 0.200563 
140 140 137.784 221.659 0.0372182 
111 92 108.942 173.597 0.026129 
191 208 188.711 290.16 0.0464864 
568 304 571.196 389.137 0.381218 
64 271 59.994 354.382 0.498113 
57 236 52.723 320.532 0.714244 
189 231 186.504 313.453 0.0786586 
149 81 147.078 162.408 0.113523 
572 71 575.989 153.296 0.341852 
145 148 142.629 229.571 0.198927 
151 129 148.72 210.552 0.22472 
266 150 264.991 232.034 0.3189 
107 182 104.485 264.432 0.178782 
438 66 439.63 148.029 0.537885 
110 358 106.053 442.109 0.0417103 
169 367 165.677 450.93 0.0853824 
492 206 493.958 289.966 0.300449 
231 166 229.191 247.744 0.161975 
237 53 236.213 134.326 0.345183 
407 60 409.115 142.444 1.6157 
67 119 64.146 203.988 0.0678632 
173 299 170.474 382.033 0.376466 
128 68 126.133 149.143 0.109063 
539 63 542.159 145.119 0.213614 
173 278 170.459 360.884 0.263314 
222 153 220.136 234.839 0.136713 
118 135 115.548 216.81 0.166887 
576 319 579.278 404.371 0.517443 
222 176 219.996 257.966 0.175222 
557 120 560.315 203.112 0.198976 
150 164 147.589 245.848 0.127568 
270 72 269.648 154.003 0.745397 
566 259 569.19 343.762 0.168645 
500 152 502.034 235.038 0.0169302 
409 85 410.082 167.52 0.645894 
260 227 258.049 309.866 0.121857 
208 161 206.237 242.573 0.0170917 
53 201 49.356 287.492 0.0758248 
512 174 514.36 257.702 0.283643 
74 134 71.121 218.455 0.0386049 
143 96 141.157 177.581 0.0969423 
220 300 217.815 383.091 0.260002 
73 286 68.917 370.147 0.346082 
460 60 461.955 141.993 0.48101 
116 247 113.203 329.521 0.185013 
499 209 501.013 292.99 0.205763 
85 132 82.105 215.989 0.0811347 
553 261 555.955 345.661 0.133956 
586 230 589.818 314.391 0.0784949 
184 53 182.556 134.461 0.0833036 
575 219 578.397 303.199 0.196503 
146 207 143.278 289.063 0.181712 
534 139 536.884 222.301 0.282466 
517 66 519.667 147.986 0.115212 
221 198 218.999 279.998 0.104084 
108 148 105.485 230.044 0.0798602 
87 255 83.641 338.428 0.00493373 
141 119 138.915 200.591 0.0236173 
72 280 67.968 363.755 0.412114 
256 361 253.612 444.598 0.169554 
196 76 194.578 157.424 0.1164 
148 186 145.491 268.019 0.0800495 
139 376 135.183 460.081 0.0605535 
221 187 218.99 268.96 0.148606 
179 165 176.693 246.946 0.170776 
480 55 482.101 136.773 0.200009 
174 265 171.496 347.652 0.186865 
136 347 132.394 430.805 0.00303644 
173 288 170.463 370.964 0.317302 
440 64 441.544 145.985 0.413709 
183 64 181.469 145.444 0.0441345 
260 261 258.175 344.031 0.083506 
556 244 558.969 328.238 0.287526 
269 78 268.719 159.91 0.805217 
154 51 152.555 132.475 0.209188 
155 348 151.484 431.79 0.0639274 
255 184 253.971 266.002 0.454829 
260 272 258.135 355.155 0.0968129 
549 262 551.864 346.719 0.0960994 
463 78 464.951 160.061 0.416047 
255 384 252.415 467.712 0.307976 
70 192 66.774 278.021 0.362351 
81 87 78.221 168.822 0.664517 
529 162 531.611 245.549 0.148184 
575 56 579.093 138.122 0.36447 
137 218 134.28 300.194 0.0517883 
217 374 214.162 458 0.0636932 
266 138 265.004 220.015 0.305576 
510 160 512.166 243.221 0.0104524 
176 209 173.51 291.243 0.0982601 
473 92 474.919 174.143 0.215798 
467 205 468.66 288.977 0.530594 
255 373 252.398 456.926 0.235444 
188 254 185.501 336.739 0.0724117 
261 249 259.177 331.951 0.036767 
257 339 254.717 422.715 0.0358423 
258 305 255.96 388.391 0.0562096 
225 87 223.805 168.45 0.181373 
267 116 266.027 197.997 0.272618 
172 321 169.18 404.407 0.271803 
563 259 566.31 343.74 0.00843939 
227 64 225.965 145.047 0.133896 
218 265 215.83 347.584 0.0778448 
584 138 587.885 221.395 0.15945 
111 115 109.025 196.73 0.201896 
365 355 363.895 440.929 0.275149 
148 60 146.471 141.443 0.183834 
495 55 497.458 136.788 0.270271 
275 336 272.973 419.97 0.0545296 
548 131 551.144 214.259 0.247337 
179 143 176.861 224.792 0.128048 
531 116 533.976 198.977 0.377686 
468 168 469.583 251.191 0.224784 
215 334 212.376 417.232 0.0110175 
182 98 180.223 179.518 0.0362129 
492 81 494.317 163.287 0.337278 
172 310 169.243 393.123 0.219124 
559 217 562.018 301.036 0.226827 
192 175 189.966 256.803 0.00935143 
190 166 187.958 247.755 0.0433224 
179 153 176.759 234.86 0.172369 
297 336 295.029 419.975 0.207629 
459 50 460.963 131.957 0.509631 
388 320 387.388 405.027 0.0167826 
108 253 105.311 335.563 0.364109 
489 71 491.422 152.967 0.373691 
374 353 372.999 438.034 0.188461 
256 188 255.034 270.163 0.562654 
463 57 464.971 138.984 0.449484 
229 267 226.877 349.752 0.0646408 
191 198 188.708 280.136 0.0847558 
133 319 130.045 402.521 0.47134 
151 119 148.761 200.522 0.234769 
284 327 282.011 410.959 0.0347399 
456 382 456.787 465.967 0.99425 
521 282 523.913 366.823 0.494572 
556 303 559.161 388.278 0.0331687 
218 220 215.963 302.012 0.0601174 
262 227 259.992 309.896 0.187244 
198 63 196.616 144.428 0.0945438 
257 316 254.878 399.401 0.00178139 
369 337 367.991 421.989 0.0741723 
462 97 463.828 179.303 0.377991 
513 244 515.184 328.143 0.0547176 
175 243 172.453 325.523 0.0379531 
217 277 214.622 359.88 0.0071447 
471 195 472.575 278.89 0.379929 
143 214 140.262 296.066 0.152137 
265 166 264.006 248.002 0.356392 
197 97 195.406 178.463 0.0299332 
191 219 188.747 301.136 0.0109169 
64 51 61.836 131.838 0.453692 
109 320 105.974 403.957 0.663565 
289 351 286.878 435.044 0.217393 
224 130 222.297 211.568 0.140895 
473 61 474.985 142.989 0.290605 
141 319 137.892 402.487 0.26003 
116 259 113.154 341.493 0.180735 
587 157 590.945 240.671 0.16239 
530 175 532.742 258.85 0.320822 
170 85 168.335 166.48 0.0754107 
200 341 197.235 424.509 0.122742 
265 160 263.992 242.022 0.341294 
176 231 173.467 313.304 0.0548122 
509 122 511.431 204.831 0.225847 
143 85 141.244 166.523 0.117054 
66 73 62.689 154.137 1.39351 
228 153 226.243 234.693 0.130881 
111 50 109.308 130.988 0.0204321 
143 136 140.76 217.612 0.103161 
456 130 457.601 212.557 0.296118 
144 275 141.413 357.825 0.410462 
170 344 166.917 427.596 0.150527 
141 344 137.412 427.684 0.0659861 
102 272 99.328 354.866 0.564846 
374 383 373.073 469.177 0.292689 
230 210 227.994 292.048 0.1554 
96 318 92.373 402.833 0.349498 
73 238 69.805 320.917 0.000784385 
562 228 565.067 312.198 0.24611 
212 379 209.023 463.01 4.41144e-14 
244 248 242.188 330.777 0.178788 
537 229 539.569 313.071 0.185973 
226 121 224.539 202.484 0.0246914 
101 223 98.421 305.828 0.425528 
539 286 542.014 371.02 0.24191 
425 136 426.439 218.378 0.581605 
195 108 193.284 189.476 0.0328551 
539 102 542.025 184.819 0.253447 
227 77 225.976 158.417 0.29074 
235 100 233.761 181.508 0.114609 
544 184 546.959 267.967 0.225059 
486 164 487.776 247.3 0.126916 
230 144 228.4 225.59 0.0518585 
184 345 181.053 428.604 0.151757 
216 293 213.544 376.107 0.0429739 
142 331 138.765 414.556 0.188472 
186 355 182.933 438.781 0.0930158 
529 272 531.76 356.543 0.10784 
178 121 175.969 202.546 0.164135 
224 108 222.562 189.462 0.0207094 
259 294 257.012 377.4 0.0920771 
99 251 96.389 333.583 0.475386 
138 184 135.578 266.036 0.0534613 
496 223 498.033 306.997 0.215914 
86 320 81.916 405.2 0.0357693 
84 64 81.717 144.962 0.483002 
231 86 229.962 167.473 0.289557 
548 78 551.11 160.43 0.0775505 
261 238 259.167 320.752 0.051161 
104 162 101.793 244.046 0.302302 
483 230 485.015 314.01 0.434286 
370 341 368.98 425.971 0.122117 
113 104 111.099 185.657 0.196624 
416 367 415.307 451.727 0.930854 
548 141 551.177 224.461 0.321932 
239 360 236.635 443.949 0.208749 
181 120 179.066 201.517 0.10031 
84 117 81.084 200.743 0.239347 
209 334 206.341 417.221 0.0198519 
302 334 300.383 417.574 0.116169 
591 245 595.057 329.71 0.0531921 
