50 312 55 229 0.632105 
50 307 56 224 1.32502 
61 305 63 222 1.48078 
63 354 65 272 1.04594 
63 150 66 67 5.60806e-14 
64 282 66 201 0.100555 
65 147 70 65 0.848857 
67 160 70 78 0.923174 
67 319 72 237 1.43426 
71 361 73 281 9.54396e-14 
70 371 74 287 0.426656 
73 343 76 262 0.390069 
72 308 77 226 1.46069 
74 303 78 220 0.0601761 
75 375 78 291 1.23177 
76 401 81 317 0.602658 
78 150 83 67 0.13736 
81 248 84 165 0.560507 
82 215 86 133 0.906333 
89 337 92 255 0.122444 
89 344 92 259 1.66772 
88 380 92 296 0.208877 
91 353 94 271 0.152259 
89 429 94 345 0.839579 
91 448 94 362 1.66361 
90 332 95 249 1.05432 
92 337 95 254 0.629513 
89 442 95 357 1.44189 
92 361 97 277 0.670181 
95 253 98 171 0.206022 
95 329 100 246 1.09721 
94 345 100 261 1.5053 
99 367 102 283 1.01845 
102 345 106 263 0.779115 
107 246 108 163 1.85757 
102 286 108 203 1.83546 
106 254 109 174 1.59562 
106 347 110 267 1.68084 
110 221 112 140 0.655451 
108 335 112 252 0.356369 
107 415 112 331 1.03007 
111 349 113 266 1.4181 
111 305 116 222 1.20113 
117 255 119 173 0.567337 
127 314 131 232 0.916153 
128 320 131 238 8.63183e-14 
128 459 131 375 0.561898 
133 448 135 362 1.94329 
132 462 135 377 0.730895 
132 452 136 366 1.01192e-13 
133 433 137 349 0.429406 
135 447 138 362 0.718765 
135 466 138 381 0.681174 
137 444 139 360 1.4598 
136 462 139 379 0.266031 
139 277 142 194 0.340632 
141 352 142 271 1.63151 
138 427 142 345 0.925487 
140 319 143 236 0.31881 
140 405 143 321 0.504183 
141 297 144 215 0.0667572 
145 252 145 171 1.89477 
143 249 146 166 0.316778 
145 279 148 197 0.111113 
145 312 148 231 0.381957 
146 268 149 187 0.579276 
148 442 153 358 1.6064 
153 434 156 349 0.48052 
156 445 157 363 1.94339 
166 463 170 379 0.861472 
170 426 171 345 1.78215 
167 446 171 362 0.855139 
168 417 172 333 0.834524 
169 406 173 322 0.83391 
178 258 179 177 1.59222 
177 270 179 188 0.843078 
177 247 180 166 0.416776 
177 429 181 344 0.874597 
178 279 182 197 1.1137 
183 401 184 320 1.78158 
182 440 185 356 0.0307942 
182 451 185 366 0.0201603 
185 269 186 186 1.97821 
185 299 189 219 1.33082 
188 292 191 210 0.132475 
189 302 191 221 0.7882 
191 247 193 166 0.760121 
191 258 193 176 0.861707 
210 378 214 295 1.28276 
211 453 215 369 1.37702 
214 419 216 335 0.60201 
213 431 216 347 0.390134 
216 374 217 292 1.73873 
216 454 218 369 0.508915 
215 459 218 375 0.426506 
217 349 219 266 0.674047 
218 327 220 244 0.67848 
217 436 220 353 0.37803 
219 293 221 211 0.828749 
218 315 222 232 1.30148 
220 447 222 365 0.65729 
220 367 223 285 0.262123 
221 371 223 288 0.626864 
224 221 225 137 1.22119 
223 324 225 240 0.499093 
224 341 226 259 0.749226 
224 362 226 279 0.606769 
224 214 227 133 0.518408 
224 331 227 247 0.503919 
227 146 228 65 1.06261 
227 295 228 214 1.98503 
228 138 229 55 1.04312 
227 235 229 153 0.957438 
227 273 229 191 0.853453 
227 328 229 246 0.757249 
231 225 234 144 0.513059 
234 137 235 56 0.768999 
236 136 238 54 0.471899 
255 447 257 362 0.0735266 
256 424 258 340 0.0987268 
255 459 258 376 0.691971 
256 429 260 346 1.65774 
259 355 261 273 0.601668 
259 367 261 284 0.309735 
260 333 262 250 0.316362 
263 151 264 68 0.193368 
262 323 265 241 0.281598 
264 242 266 161 1.4934 
267 222 267 139 1.60917 
266 293 267 208 0.298321 
266 211 269 130 1.15469 
267 227 269 144 0.23863 
266 232 269 149 0.492203 
265 252 269 169 1.36556 
270 166 270 84 1.22577 
269 246 272 164 0.0743314 
274 445 276 361 0.102007 
276 388 278 303 0.463197 
276 408 278 322 0.717802 
275 271 279 188 1.4599 
279 296 280 212 0.547027 
285 213 285 129 0.344999 
288 234 289 150 1.6476e-14 
290 223 293 140 0.498031 
294 229 296 145 0.730219 
296 294 298 210 0.522342 
303 152 304 68 1.08278 
312 248 311 164 1.07565 
331 237 330 152 0.25892 
334 449 335 367 1.02147 
351 460 351 373 0.417715 
352 433 355 349 1.76837 
365 442 366 356 1.13527 
367 398 369 315 0.464561 
369 449 370 362 1.66633 
373 455 372 369 0.530002 
372 373 374 289 1.08328 
375 438 375 354 0.614701 
375 389 377 304 1.70118 
377 399 377 316 1.094 
381 394 381 312 1.66128 
401 392 403 309 0.63081 
405 401 404 317 0.990565 
407 398 406 315 1.60798 
407 410 407 323 1.67097 
418 453 417 368 0.423394 
423 190 423 108 1.15878 
456 184 454 101 0.302982 
456 466 457 383 0.241191 
460 217 460 132 1.75463 
465 252 466 169 0.0681981 
467 201 468 117 1.00523 
470 219 468 134 1.33186 
471 222 468 140 1.84577 
469 252 469 169 0.253344 
472 201 472 119 1.12079 
477 186 476 104 1.18544 
483 215 480 133 1.71664 
482 257 480 174 0.884423 
485 192 484 107 1.77176 
488 230 484 145 0.80877 
487 220 486 136 0.619477 
489 168 488 84 0.920963 
493 255 490 172 1.12973 
492 265 492 182 0.201077 
494 297 492 214 1.08467 
497 164 493 82 1.11105 
495 291 493 207 0.131331 
493 314 494 230 1.10762 
495 238 495 153 1.77198 
497 309 497 224 1.55597 
500 153 499 70 7.67055e-14 
501 294 500 210 0.29887 
503 296 500 213 1.44012 
504 237 501 153 0.076396 
504 183 503 99 0.849243 
508 316 506 232 0.212801 
507 288 507 204 0.746474 
511 314 508 230 0.629733 
513 132 509 50 0.650277 
513 213 510 131 1.59793 
513 218 510 134 0.318296 
513 145 511 62 0.0743685 
515 203 511 118 1.33492 
513 221 511 137 0.483134 
511 236 511 154 1.09127 
513 302 511 217 0.816409 
513 141 512 57 1.04749 
514 186 513 104 1.14875 
517 153 514 70 0.027827 
519 134 515 53 1.68778 
520 142 519 60 0.960254 
523 139 521 56 0.109377 
521 269 521 185 0.824133 
525 183 522 101 1.27969 
522 255 522 172 0.111074 
525 240 524 158 1.31073 
525 261 524 179 1.36253 
527 282 525 198 0.114851 
529 329 525 245 1.0736 
528 349 526 263 1.46655 
530 230 527 147 0.721291 
529 290 527 204 1.93132 
532 221 528 136 1.14589 
530 268 528 184 0.217887 
531 371 528 286 0.0478181 
532 138 529 56 0.82957 
531 203 529 119 0.656722 
529 309 529 225 0.800191 
531 157 530 74 0.0290209 
533 289 530 203 1.5964 
530 349 530 265 0.75943 
532 357 530 273 0.271204 
535 205 531 120 1.36432 
536 201 532 117 0.42673 
534 370 532 286 0.317961 
537 305 534 221 0.368769 
536 143 535 61 0.977481 
540 224 535 140 0.0344197 
540 257 535 173 0.511079 
537 160 536 77 0.0415517 
537 331 536 246 1.23945 
540 134 537 53 1.79871 
541 293 537 209 0.6172 
540 314 538 230 0 
543 372 540 287 0.0535742 
542 243 541 160 0.306819 
544 348 541 264 0.631859 
545 310 543 226 0.0494191 
544 258 544 173 1.85735 
548 209 545 126 0.485202 
549 221 545 138 0.761489 
551 296 547 211 0.351141 
552 217 549 132 1.42952 
554 227 551 142 1.34399 
553 310 551 227 0.825386 
553 333 551 248 0.875223 
556 176 554 92 0.857399 
558 310 554 226 0.66539 
559 364 555 280 1.11974 
557 205 557 122 0.0435049 
560 330 557 245 0.503377 
557 360 557 277 0.00235113 
562 210 559 128 1.45341 
561 301 559 217 0.177954 
560 373 559 289 0.363497 
563 165 561 82 0.0776175 
563 265 561 180 1.32925 
568 159 563 75 0.951315 
565 180 563 97 0.158914 
565 284 563 199 1.22562 
568 147 564 66 1.91612 
565 191 564 108 0.128567 
566 313 564 229 0.145063 
569 186 565 103 0.337154 
567 219 565 134 1.61434 
571 243 566 160 1.13434 
569 290 567 205 1.20951 
573 313 569 229 0.590197 
574 195 571 112 0.326554 
576 303 571 218 0.0886206 
574 130 572 49 1.88978 
577 372 572 287 0.657455 
577 155 573 72 0.00767102 
576 182 573 98 0.772697 
577 188 573 104 0.648577 
582 173 578 91 1.19126 
583 153 579 71 0.989638 
583 219 579 136 0.642833 
582 253 579 170 0.719062 
583 279 579 195 0.228016 
583 325 579 241 0.624718 
581 390 579 304 1.62687 
582 214 580 130 0.681268 
587 204 583 120 0.50225 
588 142 585 60 0.925319 
587 148 585 66 0.996677 
586 235 585 151 0.78399 
591 296 585 212 1.00192 
590 184 586 102 1.29253 
592 231 589 148 0.545858 
594 408 589 322 0.0177808 
591 133 590 49 1.00224 
592 141 590 58 0.0322854 
592 147 590 64 0.00471648 
595 197 590 112 1.48146 
597 287 591 203 0.846013 
595 208 592 126 1.38011 
595 264 592 180 0.222993 
596 296 592 213 1.25091 
600 219 596 135 0.387595 
600 166 597 81 1.89929 
600 385 598 300 0.921045 
