182 8 182 83 1.09109 
198 8 196 83 0.635651 
226 9 226 85 0.752119 
84 14 83 91 1.06211 
151 16 148 91 1.56889 
90 18 91 95 0.623349 
183 19 182 94 0.194448 
225 19 225 94 1.15049 
284 19 285 103 1.38163 
113 23 114 102 0.377569 
181 28 181 104 0.557812 
197 28 196 104 0.283928 
267 36 265 111 0.679494 
181 39 181 114 1.03832 
197 39 195 115 1.18225 
225 39 224 114 0.189108 
281 41 281 116 1.12081 
145 45 143 120 0.679489 
152 47 151 123 0.35212 
180 49 180 124 1.03388 
225 50 225 126 0.58163 
402 56 403 134 1.14364 
116 58 114 134 1.16687 
195 60 194 135 0.164009 
224 60 223 135 0.142309 
315 60 314 140 1.83433 
233 64 230 139 1.6436 
258 64 258 142 0.321178 
374 65 372 140 0.945876 
224 71 223 146 0.128735 
100 72 99 147 0.310487 
68 73 66 149 1.03328 
109 73 109 149 0.554637 
481 78 482 154 1.45972 
79 80 79 155 1.20503 
222 80 223 156 1.39811 
111 86 108 161 1.25886 
82 90 81 166 0.123529 
221 91 222 166 1.87732 
232 91 230 168 1.73115 
109 96 107 172 0.943578 
264 97 264 174 5.23533e-14 
96 100 96 174 1.9181 
222 101 220 177 1.22464 
194 102 192 177 0.625927 
110 106 107 181 1.09472 
263 108 262 183 0.00158481 
140 109 138 183 0.186066 
149 110 147 185 0.409108 
177 112 176 187 0.328189 
222 112 221 188 0.341876 
231 113 229 188 0.749123 
263 118 262 194 0.469459 
148 120 146 196 0.899329 
116 122 115 199 0.541129 
221 122 220 198 0.319557 
177 123 177 197 1.76812 
262 129 261 204 5.42851e-14 
148 131 146 206 0.247377 
176 131 174 208 1.4948 
192 131 190 208 1.55537 
221 133 220 210 0.799585 
262 138 262 215 0.0578272 
146 142 142 214 0.0331901 
192 142 189 218 1.8004 
176 143 175 219 0.0350184 
220 143 221 219 1.46338 
287 144 289 222 1.18542 
126 150 126 226 1.07086 
148 151 146 227 0.645075 
175 153 174 229 0.0422453 
116 160 113 235 0.537312 
83 162 81 239 0.769507 
191 163 189 239 0.806559 
176 164 174 239 0.131059 
218 164 217 240 0.134904 
106 169 103 244 0.335916 
137 171 135 247 0.360798 
146 172 143 248 1.2141 
190 172 189 249 0.455189 
174 173 172 250 1.17288 
218 174 217 250 0.0719036 
80 175 79 251 0.842523 
105 179 102 255 0.807364 
146 183 142 258 1.27168 
218 184 217 260 6.33345e-14 
174 185 172 260 0.107939 
190 185 187 260 0.858026 
105 190 102 266 0.635443 
136 192 134 268 0.0794709 
145 193 142 270 1.54123 
174 194 172 270 0.36957 
218 195 216 272 1.29486 
260 195 261 274 0.072873 
126 199 125 277 0.370935 
135 203 134 278 1.49577 
189 204 186 281 1.77906 
145 205 142 280 0.137942 
217 205 215 281 0.641076 
173 206 172 281 1.18904 
226 207 224 283 0.710026 
40 212 35 289 1.79605 
258 212 257 288 0.143165 
16 213 13 290 0.141687 
188 213 186 290 0.849065 
145 214 142 291 1.23469 
172 215 170 292 0.677775 
226 216 224 293 1.17263 
56 219 51 295 1.10384 
258 221 258 299 0.273197 
92 224 90 304 1.81999 
144 225 140 301 1.19151 
216 226 214 302 0.39431 
172 227 170 303 0.102071 
225 228 223 305 1.03489 
258 232 256 309 1.35403 
143 235 140 312 0.859639 
85 236 81 313 0.97847 
171 236 169 312 0.257616 
216 236 215 314 0.600016 
39 237 37 313 1.63301 
223 239 220 316 1.70177 
93 240 90 316 0.438011 
257 242 255 320 1.78491 
102 243 99 320 0.267638 
80 245 78 323 0.0411569 
142 246 140 326 1.81458 
215 247 213 323 0.0969028 
171 248 170 323 1.87045 
224 249 221 326 1.57773 
64 251 62 328 1.02356 
102 253 99 330 0.0470265 
256 253 255 330 0.275065 
215 258 213 334 0.0731859 
95 260 97 340 1.75336 
366 264 365 339 0.839365 
170 268 169 344 1.6321 
601 268 607 348 1.39534 
129 272 129 352 0.272753 
255 274 254 351 8.09996e-15 
142 276 141 357 1.17368 
526 276 530 356 0.0279652 
384 277 383 353 1.54015 
169 278 168 354 1.85062 
205 278 202 352 1.01094 
285 278 285 355 0.463431 
568 278 571 357 1.38699 
96 279 91 356 0.769601 
132 283 130 362 0.324292 
506 287 512 369 1.51799 
141 288 142 370 0.124246 
350 288 349 364 0.867092 
597 288 601 368 1.06307 
213 289 211 366 0.0487573 
485 292 488 370 0.232638 
254 295 252 372 0.482181 
519 295 523 371 0.570489 
132 296 128 373 0.0979233 
184 297 181 375 0.762153 
140 298 137 375 0.567096 
168 298 167 376 0.993439 
13 300 9 380 0.661576 
213 300 211 378 0.352618 
396 302 397 380 0.695485 
132 306 128 383 0.17952 
98 307 96 385 1.39086 
367 307 367 384 0.623982 
139 308 135 385 0.127514 
168 310 166 386 1.86907 
212 311 210 388 0.526556 
510 312 512 388 1.40649 
254 316 251 393 0.897134 
130 317 127 394 1.24366 
118 318 115 397 0.0296777 
139 319 135 396 0.447607 
167 320 165 397 1.47685 
212 321 210 399 0.119042 
153 324 150 401 1.0852 
318 324 320 404 0.597644 
254 326 252 404 0.491149 
287 326 284 404 1.92376 
349 326 349 404 0.592888 
375 329 375 409 1.99719 
115 331 111 411 0.955082 
210 332 209 409 1.82804 
134 334 130 412 0.285337 
153 335 149 413 3.17288e-14 
252 336 250 415 0.853335 
252 346 249 425 1.41337 
216 347 211 425 1.56 
455 350 458 428 8.60845e-14 
469 351 470 428 1.90214 
138 352 132 428 0.877421 
166 352 163 430 1.01875 
182 352 178 430 0.00727177 
210 353 208 431 0.977875 
97 358 92 439 1.20134 
252 358 249 435 0.146828 
432 358 436 436 1.46547 
137 360 133 438 1.10756 
107 361 103 439 1.66484 
112 361 108 439 1.58012 
117 361 113 439 1.49453 
151 362 147 440 0.923591 
166 362 162 440 0.641645 
156 363 152 441 0.865483 
211 364 208 442 0.54255 
252 367 249 446 0.878358 
74 372 69 451 1.23112 
137 372 131 450 0.199758 
182 373 177 451 3.42193e-14 
209 374 207 453 0.943722 
95 378 90 457 1.12165 
250 378 248 456 0.88648 
164 383 161 462 1.39418 
209 385 206 462 1.96627 
93 389 88 469 0.833808 
378 389 378 469 1.44615 
352 391 353 471 0.0686049 
