313 94 313 27 0.706283 
321 91 321 24 0.677608 
328 79 328 12 0.663626 
348 99 348 32 0.536206 
389 95 389 28 0.327382 
393 102 393 35 0.277308 
431 80 432 13 0.724686 
438 90 439 22 0.227156 
203 141 201 76 0.474611 
275 127 275 60 0.822932 
277 131 277 64 0.810537 
339 142 339 76 1.23704 
354 139 354 73 1.17224 
400 122 400 56 0.991746 
404 127 404 61 0.951918 
427 122 428 56 1.33151 
434 121 435 55 1.28939 
192 173 190 108 0.462972 
205 173 203 106 0.844749 
237 173 236 105 0.462792 
254 174 252 107 0.633921 
286 175 285 108 3.50603e-14 
317 175 317 109 1.24019 
348 175 348 109 1.05521 
364 147 364 81 1.09203 
404 173 404 107 0.717213 
409 168 409 102 0.717266 
425 149 426 83 1.14236 
466 174 467 107 0.342735 
173 186 171 120 0.99431 
261 218 259 151 0.452735 
289 184 288 118 0.797038 
318 183 318 117 1.19652 
362 183 362 116 4.94949e-14 
373 188 373 121 0.119815 
386 186 386 119 0.194125 
431 205 431 138 0.664697 
115 252 114 184 0.398736 
135 252 133 184 0.127027 
154 256 151 188 0.483123 
296 256 300 188 1.041 
368 221 368 154 0.3962 
369 250 368 183 0.794801 
403 252 404 184 1.89347 
440 220 441 152 1.68404 
468 234 469 167 1.06447 
552 223 554 157 0.371732 
109 268 107 201 0.553437 
110 283 107 216 2.51433e-13 
157 276 154 209 0.888561 
161 290 158 223 1.54726 
173 276 171 209 0.761695 
176 267 176 200 5.43969e-13 
230 284 228 217 0.0129795 
248 276 246 209 0.162276 
283 264 281 197 0.405818 
286 282 285 215 0.548651 
365 262 365 194 1.83561 
369 267 368 200 0.906955 
372 262 371 194 1.89058 
387 259 386 192 0.956993 
424 277 424 210 1.3354 
430 285 431 218 1.53053 
518 290 520 225 0.132888 
520 271 522 206 0.145138 
533 268 535 203 0.116422 
538 274 540 209 0.00091271 
94 330 91 264 5.23331e-14 
108 313 105 246 0.717298 
156 314 153 247 1.53719 
167 308 164 241 1.62874 
177 312 174 245 1.58936 
206 315 204 248 0.345907 
231 320 229 254 0.829203 
239 311 237 244 4.68778e-14 
278 319 276 252 0.34223 
290 296 289 229 0.677803 
366 324 365 257 1.28 
369 318 368 251 1.25582 
417 302 416 235 1.41244 
417 307 416 240 1.44566 
431 295 432 229 0.684199 
435 319 435 252 1.82692 
512 321 514 256 0.589096 
519 330 521 265 0.758085 
531 307 533 242 0.455493 
534 317 536 252 0.620647 
100 348 96 282 1.13386 
111 359 107 293 1.50956 
136 338 133 272 0.946343 
165 331 162 265 1.48065 
191 337 189 271 0.710749 
192 332 190 266 0.753016 
243 335 241 269 0.68224 
257 334 255 268 0.614842 
278 364 276 298 0.341783 
292 346 290 280 0.349336 
329 362 327 296 0.0483884 
367 352 366 286 0.553772 
393 338 392 272 0.56867 
405 361 404 296 0.119995 
422 347 421 282 0.165956 
430 353 430 288 0.246986 
514 333 516 268 0.785838 
519 337 521 273 0.111622 
537 335 539 270 0.905275 
81 380 77 314 1.19366 
117 394 113 329 1.45329 
123 394 119 328 1.91172 
301 402 299 337 0.711259 
328 374 326 308 1.34876e-13 
329 402 327 337 0.617817 
373 403 372 339 0.676629 
407 387 406 322 0.121315 
431 400 431 336 0.0925399 
434 388 434 324 0.238024 
537 386 539 322 0.716736 
541 397 543 333 0.894498 
89 427 85 363 0.715241 
98 427 94 362 1.30205 
141 427 137 362 1.90374 
161 438 158 372 1.14528 
316 433 315 369 0.337227 
339 409 338 344 0.121907 
367 437 366 373 0.312676 
373 415 372 351 0.543744 
373 435 373 371 0.316672 
438 432 438 368 0.313384 
440 409 440 345 0.0379284 
501 408 502 344 0.592174 
515 420 516 356 0.784172 
