86 28 81 102 0.739188 
90 28 86 103 0.380165 
97 28 94 103 0.82025 
264 29 264 102 0.913122 
48 32 45 108 0.719428 
214 32 215 107 1.88151 
217 32 215 107 1.17931 
220 32 221 107 1.75742 
223 32 224 107 1.69421 
225 32 224 107 0.343192 
229 32 229 107 0.573489 
237 32 237 107 0.418676 
242 32 242 108 0.587852 
281 32 280 107 0.987254 
412 32 413 108 1.16018 
250 33 249 108 0.744008 
349 33 348 108 0.891553 
287 34 285 109 1.7703 
289 34 288 109 0.99747 
291 34 292 109 0.517238 
294 34 292 109 1.75016 
298 34 297 109 1.00683 
300 34 301 110 1.12673 
303 34 301 110 1.00661 
307 34 308 110 1.10102 
312 34 312 110 0.41533 
319 34 320 110 1.0694 
412 34 413 108 0.654476 
425 34 426 110 1.22152 
410 35 413 108 0.765653 
534 37 538 109 1.35786 
619 37 626 110 0.50236 
511 40 517 113 0.0817665 
404 41 404 118 1.74088 
331 42 330 119 0.791697 
411 43 411 119 0.878761 
440 44 440 119 0.0986585 
402 45 404 118 1.17606 
463 45 465 119 0.144186 
346 46 347 120 0.622239 
436 46 440 119 0.51707 
389 48 388 123 0.47966 
331 49 330 124 0.778948 
362 49 363 124 0.254038 
363 51 363 124 1.9734 
363 58 362 134 0.429595 
543 58 547 130 1.3465 
421 59 421 132 1.74838 
377 60 378 134 0.616581 
47 61 43 136 1.39746 
552 61 557 134 0.154954 
359 64 362 138 0.0990937 
403 65 403 140 0.140875 
76 73 73 151 1.45626 
106 75 101 149 1.27758 
111 75 108 150 0.972679 
146 75 144 151 6.80974e-14 
148 76 144 151 0.174362 
82 77 78 152 1.07473 
142 77 138 151 0.890212 
150 77 148 151 1.67319 
544 77 548 150 0.362367 
409 80 410 156 1.51062 
533 82 537 155 0.415527 
408 83 410 156 1.23085 
155 84 151 157 1.61801 
428 84 430 157 1.15778 
435 84 438 157 0.966176 
337 88 337 164 1.00472 
425 88 428 162 0.0295234 
122 89 119 165 0.0126026 
315 89 315 164 0.0411068 
415 89 416 165 1.59775 
440 89 444 163 0.163402 
443 90 444 163 1.21988 
125 91 124 167 0.511784 
143 92 140 169 1.21346 
410 92 410 167 0.457147 
438 92 440 167 0.874468 
400 93 400 168 0.409316 
169 96 168 172 0.157183 
257 96 255 172 0.201736 
314 96 311 171 0.717361 
411 96 414 171 0.871011 
191 97 190 174 0.793612 
172 98 169 174 0.6706 
165 99 165 175 0.484903 
202 99 199 174 0.903691 
346 99 348 174 0.477896 
422 99 426 172 0.981785 
164 101 160 176 0.198632 
541 101 543 174 0.51058 
201 102 200 176 1.39066 
416 104 416 180 1.61038 
232 105 230 183 0.877639 
307 105 307 180 1.29463e-13 
164 106 163 182 0.0727514 
285 106 283 183 1.48411 
230 107 230 183 0.979423 
302 107 304 182 0.272865 
412 107 411 182 0.551878 
548 109 552 182 0.35281 
246 110 244 185 0.771017 
307 110 306 185 0.0862907 
525 110 527 185 1.43618 
172 112 170 187 0.796736 
414 112 415 185 1.27852 
204 113 201 187 0.921899 
240 113 239 188 0.459199 
215 115 214 191 0.276729 
304 115 304 190 0.0165581 
332 116 331 192 1.16225 
525 116 527 190 0.465694 
217 117 214 191 6.57348e-12 
171 118 169 194 0.151361 
524 118 527 190 1.52227 
134 119 132 194 1.09301 
152 119 151 194 0.966559 
435 119 435 195 1.88181 
350 120 352 196 1.32865 
220 121 218 196 0.731076 
420 121 419 196 0.807206 
335 122 334 198 1.26711 
361 122 359 196 0.54706 
378 122 379 198 1.5205 
431 122 435 195 1.14949 
540 122 545 196 0.582692 
543 122 545 196 0.612761 
381 123 379 198 0.600566 
211 125 211 200 0.235734 
222 126 220 199 1.94733e-12 
244 126 240 201 0.540868 
524 126 527 199 0.511462 
605 126 611 199 3.9815e-14 
206 127 204 202 0.924405 
328 128 330 203 0.0732471 
509 128 515 201 0.687427 
185 131 181 208 0.345821 
424 131 423 205 0.0257249 
531 131 537 203 1.55186 
422 132 423 205 1.13858 
386 135 388 211 1.50677 
180 137 177 212 1.28444 
352 138 353 211 1.65907 
342 142 343 216 0.762866 
319 143 319 219 1.17931 
218 144 215 219 1.90482 
215 145 215 219 0.898337 
537 145 542 217 1.53722 
609 145 616 218 0.100308 
611 145 616 218 0.0341879 
332 146 332 219 1.61888 
515 147 519 222 1.34829 
536 150 538 223 0.300569 
369 151 370 224 1.49724 
620 151 625 224 0.0968131 
372 152 373 225 1.46865 
551 153 556 226 0.459276 
289 156 286 230 0.379519 
319 156 318 230 0.371463 
352 156 352 230 0.422461 
504 156 507 228 1.63485 
352 161 351 236 0.855566 
319 166 318 240 0.252068 
368 176 369 251 0.415717 
527 176 529 251 1.70607 
338 177 339 252 0.0294848 
527 179 529 251 1.23523 
537 179 541 251 1.50834 
363 181 362 254 0.724736 
509 181 514 255 0.0215739 
511 200 515 273 0.841814 
514 200 515 273 0.0401317 
514 210 517 283 0.554924 
494 226 496 299 0.430035 
155 255 153 332 0.780201 
206 255 205 331 0.654105 
218 259 215 335 1.5395 
361 261 361 334 0.694121 
402 262 403 336 0.118804 
526 270 531 344 0.411291 
606 270 610 344 1.02392 
416 274 419 348 1.16326 
155 275 153 348 0.751056 
257 275 256 350 1.45645e-13 
521 275 526 348 1.41243 
231 283 229 358 0.631622 
256 283 254 358 0.942174 
558 283 563 357 0.0232499 
129 288 125 364 1.07977 
155 288 152 364 0.486843 
558 288 563 363 0.849408 
615 290 619 364 1.09993 
243 291 243 367 1.08654 
295 292 293 368 1.83221 
129 294 126 367 1.57532 
133 294 130 369 0.67141 
231 295 229 371 0.664233 
256 295 255 367 0.678205 
155 308 151 384 1.38477 
110 309 106 384 1.33935 
29 314 25 388 1.68639 
81 315 79 389 0.100773 
199 315 198 391 0.926824 
236 320 233 393 1.42712 
551 320 552 392 0.0122974 
252 321 249 397 1.94694 
264 322 264 398 0.778175 
357 322 356 398 1.93012 
231 323 231 396 1.58614 
301 324 299 398 1.08545 
121 328 117 404 0.912636 
35 329 31 403 1.57263 
60 329 55 404 1.78129 
58 330 55 404 0.795735 
140 330 138 404 0.0161047 
191 330 188 404 1.16924 
319 330 319 406 0.319536 
129 331 126 407 0.0813505 
146 331 144 406 0.340192 
259 332 256 407 1.8495 
293 332 294 408 1.16812 
375 332 378 407 1.60794 
86 333 83 409 0.288739 
110 333 107 406 1.27464 
180 333 179 406 0.689195 
202 333 199 406 1.31329 
100 334 96 409 1.17031 
81 336 77 411 1.04983 
87 336 82 411 1.93347 
258 336 256 411 0.842886 
332 336 333 412 0.33112 
144 337 141 414 0.100318 
387 337 387 413 1.59284 
416 337 415 411 1.47438 
126 338 124 411 0.304432 
255 338 253 411 0.475192 
139 339 136 411 1.56062 
233 339 231 414 0.503324 
334 339 333 412 0.063805 
82 341 77 418 0.817562 
163 343 160 418 0.704572 
288 343 288 417 0.964173 
359 343 357 416 1.13708 
191 346 187 422 1.84491 
96 347 92 422 1.08919 
163 347 160 422 0.690122 
314 348 312 423 1.59533 
421 348 422 423 0.72441 
129 351 124 427 1.88338 
163 351 160 426 0.67574 
232 351 231 427 0.488505 
382 351 383 427 0.630798 
100 352 97 426 0.668312 
429 353 430 427 0.165824 
153 355 149 432 0.979469 
367 355 368 430 0.230844 
191 357 187 432 1.93793 
212 357 211 432 0.808724 
268 359 267 433 0.256271 
231 362 230 438 0.539318 
100 364 97 441 0.738241 
164 364 160 438 1.83846 
407 365 406 438 0.790347 
231 367 230 441 0.645204 
341 371 341 447 0.574577 
392 371 393 447 0.724944 
340 373 341 447 1.22187 
346 373 347 447 1.12982 
472 373 473 446 0.0388682 
230 376 229 450 0.678259 
52 380 48 456 0.149026 
66 380 62 455 0.763444 
164 380 161 455 0.583242 
201 380 199 454 0.0647113 
360 380 359 453 0.346444 
379 380 380 455 0.108665 
439 380 441 455 0.161292 
28 381 24 456 0.592736 
437 383 439 459 0.755021 
196 384 192 460 1.82227 
436 385 438 461 0.723859 
190 389 187 465 0.720896 
206 396 204 473 0.100487 
42 402 38 478 9.25303e-14 
442 403 444 477 0.505271 
