74 96 66 106 0.332891 
77 109 69 120 0.834992 
121 84 113 95 1.01222 
123 88 114 99 3.99873e-14 
134 85 126 96 1.2456 
389 95 386 105 1.82931 
393 102 392 111 1.38601 
400 122 400 131 1.08793 
404 127 400 136 2.67753e-14 
412 122 410 131 0.441572 
431 80 433 88 1.39437 
434 121 430 130 0.240939 
514 95 516 104 0.624658 
523 73 525 81 3.54205e-14 
527 101 529 110 0.345076 
531 80 533 88 0.263354 
536 79 538 86 1.2754 
537 131 538 140 0.406047 
541 79 543 86 1.34425 
549 125 551 133 1.28038 
85 146 77 156 1.36222 
141 174 135 185 1.49529 
145 171 138 181 0.657258 
148 147 140 157 4.72262e-13 
219 217 218 228 0.0884711 
391 147 389 157 1.27616 
392 171 389 180 0.0842606 
398 141 395 151 1.11213 
466 174 467 185 1.58463 
527 216 528 226 0.0523038 
537 161 538 170 0.735786 
538 184 539 194 0.0719573 
540 194 541 204 7.02229e-14 
550 163 551 172 0.840346 
552 178 553 187 0.964732 
552 185 553 194 1.00836 
553 191 555 202 0.935732 
156 264 150 273 0.249975 
230 284 227 294 0.273239 
239 294 236 304 0.00223244 
240 283 237 294 0.608723 
244 275 242 286 1.90313e-13 
248 276 247 287 0.595882 
518 224 519 233 1.0481 
528 264 529 275 0.861666 
530 248 531 259 0.858334 
540 220 541 231 0.88612 
552 223 553 233 0.15646 
231 320 229 329 1.28386 
237 320 235 331 0.133521 
239 311 236 322 0.702447 
243 335 241 344 0.852487 
250 334 249 344 1.05396 
253 310 250 321 1.03181 
257 334 255 344 0.0691707 
278 364 276 373 0.0916997 
281 359 279 370 1.22855 
288 359 286 368 0.132534 
292 346 290 356 0.637726 
320 367 319 376 0.181657 
393 338 394 348 0.288631 
519 337 520 347 0.231327 
531 307 532 318 0.985772 
531 327 532 337 0.165755 
533 371 533 381 1.01267 
534 317 535 327 0.0968892 
534 359 535 369 0.449523 
536 327 537 337 0.168839 
537 335 539 345 0.131476 
226 399 222 406 1.174 
237 407 236 418 1.14841e-13 
262 406 261 417 0.568743 
296 445 295 456 1.78335 
301 402 300 413 1.26605 
329 402 327 412 1.83291 
465 404 464 411 0.557533 
537 386 538 396 0.750992 
541 397 541 407 1.37033 
552 383 553 393 0.734121 
554 411 555 421 1.09439 
554 419 554 425 1.75301 
