240 16 239.014 88.414 1.46221 
248 16 248.673 88.942 1.53844 
256 16 256.135 90.02 0.272635 
264 16 263.47 90.546 0.510045 
288 16 288.653 90.352 0.15606 
328 16 328.736 90 0.148626 
336 16 336.53 87.748 1.92217 
352 16 352.345 87.694 1.8078 
392 16 392.777 90.862 1.52807 
400 16 400.362 90.933 1.74234 
408 16 409.062 90.954 1.70085 
416 16 416.881 90.894 1.74173 
424 16 424.681 90.714 1.66564 
432 16 433.917 89.372 0.200194 
440 16 441.936 88.477 0.616522 
512 16 514.912 87.751 0.862483 
72 24 70.797 96.672 1.5947 
248 24 249.186 97.604 1.16067 
256 24 257.95 99.448 0.325644 
264 24 263.806 98.352 0.209847 
320 24 320.044 99.058 1.2644 
328 24 328.832 98.449 0.529513 
336 24 335.072 96.708 0.607413 
352 24 352.372 97.937 0.364292 
360 24 359.796 96.215 1.10009 
392 24 393.037 99.348 1.92618 
400 24 400.886 99.238 1.92114 
424 24 425.328 98.998 1.80539 
432 24 433.859 97.708 0.50747 
440 24 441.875 96.696 0.419128 
504 24 504.971 96.176 0.244406 
616 24 623.424 94.833 1.47713 
72 32 71.951 103.831 0.631477 
80 32 80.147 104.241 0.016242 
232 32 231.602 106.004 0.264761 
240 32 240.907 106.296 0.557106 
248 32 249.266 106.53 0.420996 
256 32 256.421 106.173 0.290206 
264 32 263.809 105.136 0.912289 
272 32 272.45 105.685 0.602681 
280 32 280.27 105.558 0.581917 
288 32 288.564 105.403 0.766316 
320 32 320.077 106.33 0.544997 
328 32 327.835 106.642 0.98291 
344 32 344.436 104.15 1.44655 
352 32 352.362 104.643 0.888819 
360 32 360.611 104.92 0.625238 
368 32 368.431 105.221 0.220876 
376 32 375.507 105.604 0.451141 
384 32 383.084 105.533 0.547344 
392 32 393.186 106.832 1.35624 
400 32 401.061 107.249 1.86333 
424 32 425.499 106.863 1.6043 
432 32 433.988 105.353 0.0966691 
440 32 442.22 103.681 1.51468 
504 32 505.425 103.98 0.520972 
584 32 591.346 103.603 1.10698 
16 40 14.012 118.081 0.688195 
72 40 72.49 111.088 0.170595 
296 40 287.014 112.082 1.71655 
320 40 312.01 112.263 1.38098 
328 40 327.999 112.907 0.717912 
336 40 335.031 113.872 0.571046 
344 40 344.228 113.383 0.214508 
352 40 352.376 113.185 0.38263 
360 40 361.359 112.376 1.38095 
376 40 376.187 112.868 0.435328 
384 40 383.771 113.967 0.799288 
392 40 392.769 114.128 0.751362 
400 40 400.702 114.557 1.25293 
416 40 416.604 114.956 1.80293 
432 40 433.291 112.41 0.695655 
440 40 442.013 111.57 1.61068 
512 40 514.869 112.094 0.631383 
328 48 328.13 120.74 0.92303 
336 48 336.594 120.335 1.40284 
344 48 345.388 120.918 1.06079 
352 48 352.398 120.169 1.36157 
360 48 360.356 120.14 1.31147 
376 48 374.795 120.665 0.206431 
384 48 382.526 120.351 0.37333 
392 48 391.384 120.37 0.554174 
400 48 400.312 122.099 0.898213 
408 48 409.077 122.312 0.958875 
416 48 417.063 122.569 1.28275 
512 48 515.247 120.495 0.359857 
544 48 550.265 121.267 0.108875 
552 48 558.095 120.94 0.0959526 
560 48 567.945 122.614 1.2847 
592 48 598 120.225 0.378546 
600 48 606.575 119.068 1.53873 
608 48 613.815 118.594 1.79824 
616 48 621.502 120.104 0.180989 
80 56 80.01 135.333 1.55096 
288 56 288.001 130.84 0.685486 
312 56 312.947 129.47 0.731449 
320 56 320.864 130.234 0.0781708 
328 56 327.219 130.832 1.3519 
336 56 336.087 129.973 0.290253 
352 56 353.44 128.019 1.88267 
384 56 375.394 125.926 0.333085 
392 56 392.796 128 1.33236 
400 56 400.374 129.211 0.0168683 
408 56 409.578 130.105 0.576626 
416 56 416.421 130.037 0.926541 
424 56 424.528 128.766 0.253735 
448 56 450.322 130.787 1.41442 
512 56 514.981 127.823 1.00591 
552 56 558.086 128.175 0.936884 
560 56 568.28 129.103 0.390899 
568 56 575.353 129.451 0.226512 
584 56 591.273 129.209 0.178285 
592 56 598.067 127.749 0.940388 
600 56 605.464 128.104 0.398784 
608 56 613.537 127.207 1.21603 
24 64 22.835 137.776 1.29036 
288 64 286.844 136.891 0.490126 
312 64 311.523 138.65 0.915891 
320 64 320.032 138.819 0.91618 
328 64 327.154 138.36 0.940363 
336 64 335.307 137.882 0.501961 
376 64 374.312 135.007 1.53138 
384 64 384.718 135.492 1.86564 
392 64 392.962 137.958 0.439168 
400 64 400.449 137.741 0.4777 
408 64 408.114 138.92 1.77135 
416 64 415.672 138.514 1.59424 
424 64 423.798 137.354 0.516665 
432 64 433.445 135.846 1.35244 
464 64 465.869 135.976 1.06161 
504 64 506.683 135.215 1.64227 
512 64 514.71 135.128 1.6595 
560 64 568.372 136.988 0.652916 
568 64 575.654 137.952 0.537039 
600 64 604.985 135.683 0.787344 
96 72 95.61 149.041 0.573611 
296 72 296.331 143.943 1.99236 
304 72 304.236 145.188 0.799408 
312 72 310.028 145.05 0.184179 
320 72 319.209 146.036 0.558662 
328 72 326.688 145.834 0.668667 
336 72 335.361 146.146 0.712386 
344 72 343.538 145.205 0.153257 
384 72 384.62 146.144 0.623799 
392 72 392.155 146.525 1.22061 
400 72 400.372 146.978 1.63944 
416 72 416.38 146.703 1.52429 
424 72 424.72 145.946 0.769541 
432 72 433.049 143.7 1.39148 
464 72 464.984 142.937 1.82781 
552 72 558.984 143.567 1.92889 
80 80 78.092 154.854 0.959822 
104 80 101.5 156.391 1.58524 
112 80 109.341 154.516 1.63625 
120 80 119.036 153.518 0.230652 
128 80 126.692 153.101 0.0573073 
136 80 135.735 153.264 1.09263 
152 80 150.606 153.406 0.0779405 
224 80 222.108 153.092 0.0291669 
304 80 304.124 153.023 0.90879 
312 80 311.486 153.246 0.334363 
320 80 318.242 153.152 0.240208 
328 80 327.147 153.53 0.191982 
336 80 336.198 154.22 0.384189 
344 80 343.845 154.013 0.429407 
384 80 383.954 154.773 1.42726 
392 80 392.564 154.514 1.02675 
400 80 400.01 154.788 1.563 
416 80 417.372 154.622 1.06519 
424 80 424.873 154.579 1.27917 
432 80 434.111 151.914 1.57217 
80 88 77.287 164.99 1.38891 
88 88 85.529 163.739 1.37154 
96 88 93.831 163.812 1.11546 
112 88 109.593 163.571 1.4394 
120 88 119.226 161.643 0.437421 
128 88 128.149 160.644 1.60499 
136 88 135.649 162.356 0.738349 
144 88 142.209 163.167 0.902828 
152 88 150.168 164.423 1.45124 
216 88 215.769 161.678 0.847268 
224 88 223.218 162.405 0.104424 
232 88 230.537 162.274 0.544326 
240 88 239.069 162.503 0.394119 
248 88 246.702 162.212 0.474896 
256 88 256.806 161.166 1.62429 
304 88 304.766 160.52 1.69873 
312 88 312.088 161.395 0.529059 
320 88 318.945 161.325 0.0561483 
328 88 327.798 161.652 0.0262593 
336 88 335.899 161.165 0.435606 
344 88 343.818 161.479 0.0554189 
368 88 367.395 161.303 0.166658 
376 88 375.859 162.585 1.19369 
384 88 383.525 162.696 1.50396 
392 88 392.159 162.953 1.5523 
400 88 399.752 162.678 1.53453 
408 88 408.48 163.324 1.92056 
432 88 433.84 161.585 0.0397992 
504 88 506.091 160.711 0.162011 
520 88 522.452 161.264 0.413091 
72 96 69.784 173.055 0.730392 
112 96 109.991 171.426 0.970313 
120 96 117.706 171.451 1.29403 
128 96 126.272 171.054 0.698336 
136 96 133.634 172.769 1.78522 
152 96 149.661 172.494 1.87754 
160 96 158.571 171.444 0.713507 
168 96 167.197 169.684 0.568815 
192 96 191.172 172.835 1.25276 
200 96 198.107 171.589 1.50289 
208 96 207.336 170.887 0.165211 
216 96 215.565 170.367 0.275476 
224 96 223.613 170.429 0.206173 
232 96 231.545 171.107 0.380693 
240 96 238.636 171.555 1.41797 
248 96 246.704 171.63 1.49832 
256 96 255.326 170.386 0.226767 
264 96 264.774 169.249 1.50936 
304 96 305.134 169.605 1.03406 
312 96 311.483 170.554 0.744397 
320 96 319 170.204 0.772644 
328 96 326.699 169.617 0.484824 
336 96 336.502 171.035 0.860759 
344 96 344.245 169.369 0.381105 
352 96 352.593 169.697 0.187669 
368 96 367.268 169.816 0.67325 
376 96 375.639 170.493 1.17828 
384 96 383.09 170.602 1.5842 
392 96 391.193 170.009 1.06807 
400 96 399.918 170.782 1.53481 
440 96 442.492 169.595 0.16423 
504 96 506.829 168.148 0.972915 
520 96 522.468 168.472 0.394607 
528 96 528.181 169.228 1.09398 
24 104 23.334 178.409 0.0226362 
32 104 32.876 177.529 1.0921 
40 104 38.746 177.659 0.70207 
64 104 63.527 184.244 1.84432 
72 104 70.929 183.16 0.818684 
104 104 101.176 181.094 1.74814 
112 104 110.382 178.417 0.43281 
120 104 117.503 181.522 1.73084 
128 104 125.448 181.569 1.941 
136 104 133.514 181.005 1.88611 
144 104 141.655 181.17 1.91751 
152 104 149.744 180.939 1.88065 
168 104 166.014 179.525 1.25886 
176 104 175.474 178.614 0.399188 
216 104 214.744 179.04 0.743172 
224 104 222.622 179.536 1.22189 
264 104 263.032 178.514 0.547645 
304 104 303.671 178.586 0.555558 
312 104 311.126 178.256 0.665267 
320 104 319.021 178.384 0.893576 
328 104 326.914 178.123 0.794099 
336 104 336.119 178.904 0.890385 
344 104 344.323 177.844 0.04375 
352 104 352.241 178.511 0.651553 
360 104 359.14 178.414 1.18082 
368 104 367.055 176.576 0.331191 
384 104 384.344 179.124 1.4642 
392 104 392.272 177.489 0.111398 
400 104 399.904 178.816 1.53851 
408 104 408.528 179.429 1.9029 
440 104 442.479 176.628 1.11547 
608 104 613.97 177.291 0.236087 
616 104 622.163 177.412 0.389923 
24 112 24.826 184.497 0.583208 
32 112 30.689 190.318 1.09423 
40 112 38.883 189.953 1.04348 
48 112 45.528 185.933 1.59283 
56 112 55.732 183.731 3.07863e-13 
72 112 71.857 191.926 1.89357 
80 112 77.316 189.096 1.2016 
88 112 85.481 187.088 1.29037 
104 112 101.097 189.495 1.77729 
112 112 109.96 191.065 1.18784 
120 112 118.463 190.869 0.88686 
144 112 141.761 188.745 1.61758 
160 112 157.608 188.534 1.89416 
168 112 165.346 187.763 1.91161 
176 112 173.976 187.52 1.29604 
184 112 182.691 187.813 0.870633 
192 112 190.301 188.779 1.78744 
224 112 222.339 187.8 1.55577 
232 112 229.949 187.558 1.76831 
264 112 263.192 186.492 0.388763 
272 112 272.952 185.889 1.16467 
304 112 302.339 186.204 1.0055 
328 112 326.98 186.958 1.43361 
360 112 359.2 186.778 1.44229 
368 112 366.991 186.147 1.06672 
376 112 375.618 184.963 0.209802 
384 112 382.216 184.291 0.0761668 
392 112 393.421 185.938 0.0531203 
400 112 401.002 185.241 0.398805 
408 112 408.551 186.474 0.984489 
416 112 416.856 186.862 1.28079 
608 112 616.1 185.921 0.142924 
616 112 622.307 185.497 0.339017 
16 120 17.461 191.225 0.543775 
24 120 25.319 189.868 0.0694183 
40 120 38.443 197.561 0.524638 
48 120 45.804 197.895 0.0687509 
56 120 53.388 198.154 0.519502 
64 120 61.102 198.037 0.962565 
72 120 69.99 197.347 0.342612 
80 120 77.257 197.573 1.1546 
88 120 86.073 198.082 0.436555 
96 120 93.255 197.941 1.41451 
112 120 110.058 198.778 0.992391 
144 120 141.497 196.701 1.78725 
176 120 173.342 195.811 1.93958 
184 120 182.876 196.907 1.1485 
224 120 222.457 195.764 1.38513 
232 120 230.036 195.463 1.59815 
256 120 255.698 194.834 0.157777 
264 120 262.85 193.409 0.184088 
272 120 272.02 193.831 0.631349 
320 120 319.782 195.807 1.54222 
328 120 326.964 195.634 1.96209 
360 120 358.931 195.064 1.79632 
368 120 365.609 191.559 0.462444 
376 120 375.822 192.719 0.540047 
384 120 384.232 193.703 0.179341 
392 120 392.341 193.309 0.144142 
400 120 401.909 192.933 1.14154 
408 120 409.358 193.09 0.661848 
416 120 417.005 193.948 0.344188 
424 120 425.267 193.557 0.0410569 
432 120 433.851 193.772 0.019632 
440 120 441.486 194.278 0.680259 
16 128 17.03 199.774 0.556546 
24 128 23.342 199.837 0.777349 
32 128 31.111 200.073 0.747053 
48 128 45.81 206.232 0.062974 
80 128 78.785 206.071 0.46799 
88 128 85.882 206.043 0.577399 
96 128 93.592 207.672 0.987848 
104 128 101.182 207.228 1.61573 
152 128 149.303 203.517 1.65029 
160 128 157.77 203.081 1.11253 
168 128 166.385 202.695 0.437383 
176 128 174.048 203.667 1.18149 
184 128 183.606 205.079 0.485247 
192 128 190.644 204.392 1.14308 
224 128 224.565 206.535 1.26814 
232 128 232.337 205.204 0.812479 
248 128 247.981 202.427 0.462142 
256 128 255.09 201.816 0.143182 
264 128 262.445 201.647 0.255166 
272 128 271.773 201.421 0.795034 
280 128 280.064 200.612 1.52282 
320 128 319.696 202.801 0.731758 
352 128 351.262 203.088 1.5293 
360 128 358.55 202.432 1.44116 
368 128 366.836 201.631 0.672367 
376 128 377.311 202.784 0.427161 
384 128 384.393 203.43 1.5452 
392 128 392.325 203.2 1.46739 
400 128 401.412 201.619 0.358697 
416 128 416.317 201.534 0.251582 
424 128 425.479 202.534 0.678188 
432 128 433.674 203.115 1.19722 
440 128 441.749 202.04 0.292232 
448 128 454.96 201.948 1.96813 
464 128 464.457 200.653 0.166943 
512 128 514.249 200.909 0.18462 
16 136 15.884 208.105 0.201767 
24 136 22.836 207.913 1.09044 
32 136 33.034 209.494 1.66657 
48 136 45.858 215.067 0.36675 
72 136 69.872 215.781 2.00869e-13 
88 136 85.866 215.762 0.43326 
96 136 93.226 215.911 1.29212 
136 136 134.269 208.386 0.0794703 
152 136 150.167 210.341 0.432276 
160 136 159.209 210.767 0.401751 
168 136 167.567 209.859 1.01375 
176 136 175.71 209.732 1.16968 
200 136 198.384 210.025 0.231075 
256 136 255.729 207.921 1.90725 
264 136 262.282 209.265 0.0972608 
272 136 270.131 209.2 0.192951 
280 136 280.348 208.598 1.75836 
312 136 313.208 213.704 1.86165 
320 136 321.611 213.107 1.28029 
328 136 328.527 210.373 0.0850992 
336 136 335.985 210.169 0.163707 
344 136 343.982 209.624 0.198098 
352 136 351.561 210.227 0.610263 
360 136 359 210.887 1.54431 
368 136 368.039 211.034 1.16728 
376 136 376.129 211.685 1.75141 
384 136 384.676 211.366 1.28067 
392 136 393.193 210.217 0.121334 
400 136 401.66 209.857 0.336829 
424 136 425.66 210.311 0.331535 
432 136 432.951 211.135 1.48214 
440 136 440.009 210.403 1.3522 
448 136 448.255 208.928 2.96286e-14 
456 136 456.755 209.244 0.132607 
464 136 464.406 209.284 0.396217 
472 136 472.157 208.833 0.167733 
512 136 513.839 208.474 0.476712 
536 136 538.313 206.907 1.87319 
16 144 14.959 216.117 0.918012 
24 144 24.79 216.214 0.951201 
32 144 32.057 216.016 0.349358 
40 144 38.707 217.264 0.410535 
56 144 52.675 222.302 1.08473 
80 144 77.656 224.372 0.322263 
88 144 84.921 225.447 1.22594 
136 144 134.279 217.109 0.01752 
144 144 142.659 217.252 0.358667 
152 144 151.181 216.926 0.974589 
272 144 271.665 216.742 1.25002 
328 144 328.272 217.635 0.55828 
336 144 335.756 217.156 0.540676 
344 144 343.871 217.564 0.218743 
352 144 352.983 218.432 0.103501 
360 144 361.68 218.457 0.39354 
368 144 368.756 218.86 0.562603 
376 144 376.721 218.639 0.490268 
392 144 392.489 217.756 0.0447542 
400 144 400.82 217.301 0.436687 
432 144 432.134 218.204 1.00255 
440 144 439.752 216.876 0.0929721 
448 144 447.636 217.112 0.422701 
456 144 456.734 215.716 1.25452 
464 144 464.97 216.286 0.781999 
472 144 471.151 215.621 0.498555 
480 144 478.965 215.134 0.798467 
488 144 488.768 215.615 1.08014 
512 144 514.186 217.031 0.153978 
16 152 14.224 223.969 1.53762 
24 152 23.345 223.731 0.452167 
32 152 31.448 224.228 0.0453444 
40 152 39.359 224.356 0.0375114 
72 152 70.132 231.498 0.288666 
96 152 92.748 232.091 1.65185 
136 152 134.499 225.016 0.256735 
144 152 142.932 224.856 0.753124 
320 152 320.189 225.089 1.03898 
328 152 326.043 224.515 0.0229894 
336 152 334.502 225.086 0.165445 
344 152 345.387 226.166 0.723896 
352 152 351.964 226.753 0.703044 
360 152 362.895 226.879 0.854856 
368 152 370.45 225.276 1.77848 
376 152 376.741 225.066 0.874179 
384 152 385.211 225.477 0.71889 
392 152 391.288 225.611 0.536672 
400 152 399.61 225.952 0.716877 
488 152 489.457 223.214 1.77093 
496 152 497.051 223.529 1.23667 
504 152 506.139 224.952 0.344884 
512 152 514.483 225.531 0.119274 
536 152 537.4 225.906 1.15851 
544 152 546.847 225.847 0.61187 
552 152 557.535 226.839 0.566438 
16 160 16.214 231.845 0.36616 
24 160 23.136 232.53 0.256639 
32 160 31.805 232.072 0.348315 
56 160 54.388 234.639 0.103855 
80 160 77.01 240.08 0.910053 
88 160 86.819 239.509 0.655095 
96 160 95.413 239.551 1.06159 
104 160 102.262 238.847 0.268661 
136 160 134.666 232.384 0.575546 
144 160 142.304 232.948 0.158401 
320 160 321.004 233.215 1.53526 
328 160 326.945 233.152 0.140304 
336 160 335.915 233.778 0.235969 
344 160 344.167 233.676 0.399587 
352 160 350.662 234.905 1.57651 
360 160 360.76 234.277 0.130678 
368 160 370.185 233.365 1.62455 
376 160 375.757 233.113 0.304659 
384 160 384.908 233.562 0.532633 
392 160 391.267 234.12 0.939846 
400 160 400.408 234.316 0.540429 
504 160 506.623 232.366 1.14048 
528 160 527.685 230.909 0.96385 
536 160 537.933 233.502 0.521349 
544 160 546.856 233.789 0.488403 
552 160 557.2 234.381 0.174026 
16 168 14.64 239.571 1.08073 
24 168 23.419 240.201 2.80138e-13 
32 168 32.127 239.519 0.590832 
56 168 54.548 245.938 0.7846 
80 168 77.543 246.719 0.45973 
96 168 96.038 246.708 1.73091 
104 168 102.695 246.94 0.225485 
128 168 125.52 240.461 0.591488 
144 168 142.396 241.25 0.225393 
320 168 319.765 241.648 0.423451 
328 168 327.617 242.38 0.288054 
336 168 335.753 241.597 0.310283 
344 168 343.078 241.66 0.247714 
368 168 369.419 242.94 0.0159779 
376 168 375.888 241.546 0.0713016 
384 168 385.895 241.662 1.09068 
392 168 392.101 242.157 0.450159 
400 168 399.168 241.332 0.384724 
408 168 407.736 241.486 0.259288 
416 168 416.035 241.519 0.194243 
424 168 425.053 240.123 1.45559 
440 168 441.76 241.415 0.570158 
504 168 505.575 241.876 0.621817 
512 168 514.819 239.875 1.63984 
528 168 530.35 241.242 0.0333259 
536 168 541.187 242.427 0.0945927 
544 168 548.97 241.738 0.519511 
24 176 22.865 245.961 1.14994 
80 176 79.643 255.818 1.7791 
96 176 94.68 255.806 0.448938 
320 176 318.053 249.548 0.662028 
328 176 326.265 250.645 1.35994 
336 176 335.729 249.456 0.440747 
344 176 343.344 249.564 0.0342565 
352 176 351.047 249.632 0.27798 
368 176 366.696 250.443 1.25939 
376 176 375.559 249.014 0.328855 
400 176 400.33 249.733 0.00349105 
408 176 408.375 250.076 0.338702 
416 176 415.401 249.858 0.791252 
424 176 423.766 249.118 0.044641 
456 176 453.782 246.778 0.646703 
464 176 463.639 248.23 0.302726 
472 176 471.182 248.639 0.34527 
480 176 479.636 247.488 0.816534 
496 176 495.851 248.842 0.394173 
504 176 505.411 248.57 0.510367 
512 176 514.743 249.965 0.18849 
616 176 622.445 250.04 2.95714e-14 
104 184 103.132 256.643 0.912428 
128 184 127.084 256.43 1.05297 
320 184 318.194 257.197 0.293289 
328 184 326.36 257.179 0.210474 
368 184 366.773 259.164 1.72543 
376 184 375.254 257.706 0.367738 
408 184 406.512 257.821 1.17537 
464 184 463.706 255.103 1.32016 
496 184 496.129 257.888 1.14038 
504 184 506.222 258.436 0.68354 
560 184 566.13 257.071 1.60938 
616 184 622.142 257.267 0.695614 
96 192 95.38 263.998 1.1458 
104 192 102.849 264.721 0.684837 
112 192 111.253 264.308 1.16407 
120 192 119.463 264.048 1.45774 
128 192 127.647 264.661 1.6308 
320 192 317.79 265.641 0.869852 
328 192 325.046 265.1 1.07014 
504 192 506.76 265.409 0.547073 
512 192 514.093 265.708 0.134661 
584 192 590.565 265.083 1.56533 
96 200 95.596 273.46 1.44413 
320 200 318.131 271.775 0.666051 
328 200 326.428 273.307 0.200409 
360 200 358.7 273.362 0.273707 
368 200 367.462 273.675 0.0581176 
400 200 401.446 277.17 1.83677 
496 200 498.083 272.809 0.878333 
504 200 506.466 273.268 0.590692 
512 200 513.743 273.983 0.483169 
528 200 533.183 274.357 0.690357 
104 208 103.923 281.272 1.86352 
320 208 319.048 280.831 0.661403 
328 208 326.458 280.213 0.590878 
336 208 334 280.136 0.271821 
360 208 359.045 279.493 1.34763 
384 208 384.004 280.564 1.03334 
432 208 431.934 279.56 1.37741 
496 208 497.046 281.873 0.51298 
504 208 505.757 281.784 0.151476 
512 208 514.148 281.897 0.137263 
528 208 533.936 282.162 1.34273 
584 208 590.621 281.026 1.85696 
96 216 95.953 289.52 1.92182 
144 216 142.911 288.931 1.06281 
152 216 151.074 289.372 1.1503 
216 216 214.636 289.526 0.542369 
232 216 230.131 288.167 0.643155 
256 216 255.098 289.026 1.00078 
320 216 319.477 289.21 0.773167 
328 216 326.197 288.963 0.0834136 
336 216 335.385 289.042 0.690621 
344 216 344.033 288.195 1.68124 
352 216 351.678 289.097 0.734861 
360 216 358.995 289.189 0.121501 
368 216 366.874 288.548 0.438641 
384 216 383.796 288.774 0.776999 
392 216 391.334 290.97 1.24712 
424 216 422.038 287.09 0.660977 
432 216 431.166 288.062 0.538139 
440 216 441.388 288.293 1.62969 
504 216 505.347 290.471 0.88715 
512 216 514.104 289.468 0.273144 
520 216 523.462 290.18 0.278567 
544 216 546.442 290.354 0.68925 
560 216 566.408 289.903 1.43884 
104 224 103.353 298.124 1.39592 
112 224 111.598 296.656 1.70831 
120 224 119.59 295.848 1.80055 
128 224 127.113 296.272 1.33952 
168 224 166.951 295.659 1.49209 
216 224 215.527 296.582 1.78015 
240 224 238.744 296.102 1.23467 
256 224 255.089 298.174 0.449287 
328 224 326.594 297.502 0.107569 
336 224 335.634 297.057 0.906002 
344 224 343.931 296.73 1.2802 
360 224 358.843 295.707 1.08842 
368 224 367.541 295.628 1.58969 
424 224 417.907 295.011 1.88505 
432 224 432.654 297.985 0.0171751 
440 224 441.496 298.656 0.118774 
512 224 514.784 297.926 0.319461 
544 224 546.159 299.414 1.6723 
552 224 557.034 298.196 0.728348 
80 232 79.085 305.608 1.12283 
104 232 103.054 303.929 1.18838 
160 232 158.863 301.574 1.85105 
240 232 238.954 305.17 0.962628 
328 232 326.793 305.116 0.331237 
336 232 335.833 304.544 1.43556 
360 232 359.388 303.764 1.46349 
384 232 383.15 306.767 1.02789 
464 232 465.57 306.172 0.0900442 
512 232 514.396 305.812 0.279181 
64 240 63.05 311.377 0.804498 
232 240 232.045 313.915 1.71216 
264 240 264.368 319.675 1.1763 
336 240 336.014 312.97 1.34047 
456 240 456.088 313.324 0.00863366 
464 240 464.84 313.714 0.0790364 
112 248 109.869 321.208 0.124407 
176 248 175.51 326.949 0.323278 
184 248 183.215 329.017 0.695975 
216 248 214.587 320.913 0.903355 
224 248 222.779 321.29 0.909675 
256 248 255.07 327.119 1.75525 
264 248 263.582 326.4 1.11133 
280 248 280.187 321.625 1.63346 
288 248 287.744 321.215 1.41449 
336 248 334.724 319.915 1.05715 
376 248 374.213 320.213 0.256136 
384 248 382.308 321.607 0.701666 
392 248 391.509 321.162 0.395678 
152 256 149.355 329.325 0.284761 
224 256 223.088 328.977 1.36008 
272 256 270.526 329.544 0.360999 
280 256 277.572 328.961 0.203683 
288 256 285.649 329.031 0.208973 
296 256 293.773 328.751 0.0120953 
304 256 302.711 328.832 0.704049 
336 256 334.621 328.478 0.652535 
344 256 343.419 328.458 1.23314 
352 256 349.359 328.387 0.348412 
360 256 359.735 327.964 1.6798 
368 256 368.754 328.762 1.84294 
376 256 375.443 329.034 0.62045 
384 256 383.726 328.796 0.921212 
416 256 417.883 330.142 1.13348 
464 256 464.424 331.048 1.09907 
152 264 149.259 337.253 0.317364 
160 264 156.62 337.804 1.04785 
168 264 165.533 338.178 0.24824 
224 264 222.889 337.429 1.04976 
232 264 230.892 337.496 0.986866 
272 264 270.478 337.943 0.168518 
280 264 278.311 336.896 0.499152 
288 264 286.389 337.99 0.0480996 
296 264 294.682 338.169 0.041653 
304 264 302.13 337.99 0.384561 
312 264 310.218 337.674 0.191584 
320 264 318.661 338.266 0.235702 
328 264 325.766 338.126 0.939268 
336 264 334.464 337.675 0.171698 
344 264 341.958 338.261 0.995342 
352 264 349.872 337.672 0.751518 
360 264 358.481 337.917 0.505427 
368 264 366.481 338.603 1.02619 
376 264 374.067 337.831 0.889901 
384 264 382.306 337.825 0.774579 
416 264 417.347 337.818 1.07221 
424 264 424.953 337.026 1.28497 
120 272 117.634 346.548 0.00839255 
128 272 126.962 344.786 1.44925 
136 272 134.04 344.833 0.545174 
144 272 142.581 344.392 1.15694 
152 272 149.366 345.341 0.175995 
176 272 173.478 345.454 0.106284 
216 272 213.155 346.261 0.780726 
224 272 222.599 346.124 0.57252 
232 272 230.365 346.698 0.0832435 
240 272 238.265 345.863 0.269739 
248 272 246.146 344.848 0.548153 
256 272 254.511 344.798 0.868141 
272 272 270.23 345.791 0.0739161 
280 272 279.365 344.563 1.61716 
288 272 286.538 346.024 0.111309 
296 272 294.837 345.833 0.403848 
304 272 303.658 345.782 1.0561 
312 272 311.334 345.859 0.67271 
320 272 318.83 345.791 0.228488 
328 272 326.562 345.299 0.2356 
336 272 333.916 344.738 3.38026e-14 
344 272 342.924 345.311 0.396989 
352 272 350.856 344.916 0.52836 
360 272 358.846 345.704 0.0422909 
368 272 367.211 345.073 0.576536 
376 272 374.847 346.083 0.431047 
400 272 407.362 351.832 1.50318 
416 272 416.941 349.411 1.70029 
424 272 425.067 345.621 0.993527 
432 272 431.42 344.777 0.389603 
440 272 440.691 343.988 1.76057 
80 280 78.828 359.357 1.60297 
120 280 119.288 354.05 1.7309 
128 280 125.305 353.677 0.224566 
200 280 199.34 352.698 1.89512 
216 280 214.674 353.085 1.09714 
224 280 222.95 354.002 0.997071 
232 280 229.653 354.769 0.545402 
240 280 237.659 354.654 0.552029 
248 280 245.025 354.033 0.925756 
256 280 254.344 353.867 0.291778 
264 280 263.548 354.045 1.23151 
272 280 270.2 353.621 0.175303 
280 280 278.375 352.944 0.609054 
288 280 286.969 353.326 0.886903 
296 280 295.466 353.385 1.22498 
304 280 303.627 353.261 1.3647 
312 280 311.601 352.776 1.54637 
320 280 318.305 352.969 0.310122 
328 280 326.159 352.98 0.134911 
336 280 333.973 353.545 0.399591 
344 280 342.537 353.485 0.0290223 
352 280 350.561 353.75 0.178033 
360 280 357.97 353.58 0.596449 
368 280 366.307 353.902 0.603954 
376 280 374.932 353.766 0.108588 
424 280 424.376 353.978 0.318753 
432 280 432.473 353.298 0.787383 
464 280 463.43 354.097 0.83518 
504 280 505.507 353.343 0.642705 
512 280 513.919 356.751 1.88945 
80 288 78.713 366.127 1.46728 
128 288 125.697 358.736 0.467545 
208 288 206.664 361.494 1.03224 
216 288 213.978 359.315 1.07319 
224 288 222.949 367.313 0.817699 
232 288 229.744 363.14 0.543077 
240 288 237.942 362.931 0.34523 
248 288 245.249 362.155 0.724839 
256 288 254.29 361.822 0.312224 
272 288 270.052 361.324 0.22821 
280 288 277.435 361.549 0.464857 
288 288 286.431 361.36 0.45035 
296 288 294.217 361.451 0.168799 
304 288 302.775 361.612 0.506219 
312 288 311.147 360.961 1.11045 
320 288 318.446 360.968 0.467365 
328 288 325.649 361.306 0.431672 
336 288 334.065 361.451 0.227959 
344 288 342.733 361.885 0.00679947 
352 288 351.234 361.273 0.693847 
360 288 359.95 361.44 1.08449 
368 288 367.048 362.059 0.0825138 
376 288 375.104 362.727 0.545317 
424 288 424.97 365.643 1.77148 
432 288 433.256 361.165 1.48926 
48 296 47.266 370.25 1.79836 
72 296 70.27 368.625 0.709054 
120 296 116.896 370.395 0.562315 
128 296 126.311 367.278 1.08485 
176 296 173.897 368.153 0.735007 
192 296 190.528 368.661 1.22923 
208 296 206.186 369.223 0.709166 
216 296 215.244 375.658 0.402186 
232 296 229.71 370.949 0.446142 
240 296 236.917 370.7 1.14573 
248 296 245.627 370.747 0.566944 
256 296 254.039 370.373 0.0966402 
264 296 263.857 370.274 1.52332 
288 296 286.212 369.63 0.173386 
296 296 293.931 369.653 0.134767 
320 296 318.543 368.925 0.613411 
328 296 327.212 368.857 1.15368 
336 296 333.967 369.692 0.403649 
344 296 342.407 369.505 0.00318324 
352 296 350.816 369.784 0.101751 
360 296 360.323 369.81 1.2089 
368 296 367.294 370.137 0.115685 
376 296 374.744 370.736 0.768795 
416 296 417.169 374.498 1.98527 
56 304 54.665 377.878 1.23573 
120 304 118.557 377.263 1.21782 
128 304 127.19 377.227 1.85739 
176 304 174.128 377.409 0.73672 
200 304 199.397 378.503 1.58918 
208 304 206.53 377.316 1.0576 
224 304 221.785 383.917 1.93116 
232 304 229.281 378.752 0.718991 
240 304 236.813 378.277 1.03018 
248 304 245.726 378.125 0.175513 
256 304 254.037 377.884 0.15668 
264 304 261.708 378.052 0.262842 
272 304 269.179 376.253 0.0127659 
296 304 293.268 378.002 0.837273 
328 304 326.451 377.073 0.445316 
336 304 334.222 377.497 0.0377572 
344 304 341.527 378.002 0.956076 
352 304 350.457 377.791 0.141015 
360 304 359.362 378.166 0.288966 
368 304 367.486 378.46 0.126398 
376 304 374.538 378.409 0.666567 
512 304 513.276 378.773 0.501748 
96 312 93.538 385.825 0.228015 
104 312 101.115 385.986 0.194466 
168 312 166.233 385.587 0.873899 
184 312 182.109 385.376 0.75805 
192 312 190.399 386.318 0.781635 
232 312 229.226 385.563 0.300034 
240 312 237.24 386.191 0.551052 
248 312 246.038 386.316 0.0904612 
256 312 254.502 385.83 0.654679 
264 312 260.908 386.503 1.12773 
272 312 269.429 385.872 0.436825 
296 312 293.856 386.024 0.28675 
304 312 302.58 386.339 0.124484 
312 312 310.483 385.527 0.388794 
320 312 319.116 385.25 1.01366 
328 312 326.643 385.306 0.524115 
336 312 333.852 386.667 0.949478 
344 312 342.583 386.273 0.195533 
352 312 351.341 386.248 0.362482 
360 312 359.652 385.879 0.751393 
368 312 366.949 386.577 0.309912 
376 312 375.335 386.872 0.269386 
384 312 382.993 386.563 0.4304 
408 312 409.686 386.822 1.17916 
416 312 417.019 386.741 0.628547 
424 312 424.282 386.414 0.205925 
432 312 432.68 389.188 1.49966 
512 312 513.499 385.486 0.695884 
104 320 102.008 394.09 0.756367 
168 320 165.409 393.826 0.0730943 
176 320 175.053 393.553 1.7157 
192 320 190.037 393.364 0.720606 
224 320 222.953 392.103 1.88569 
232 320 230.05 394.353 0.251523 
240 320 237.771 394.392 0.0765811 
248 320 246.425 394.414 0.466283 
256 320 254.204 393.634 0.51086 
264 320 261.586 394.163 0.31801 
272 320 269.559 393.587 0.148657 
280 320 278.776 393.789 0.805706 
288 320 286.643 394.448 0.324035 
296 320 294.011 394.043 0.10893 
304 320 301.752 394.221 0.4821 
312 320 310.331 393.721 0.20858 
320 320 318.148 394.364 0.342589 
328 320 325.367 393.664 0.698293 
336 320 334.411 394.194 0.167922 
344 320 342.289 394.918 0.744789 
352 320 350.837 394.936 0.384864 
360 320 359.363 394.442 0.246282 
368 320 366.716 395.006 0.692853 
376 320 375.546 394.931 0.0727891 
384 320 383.185 394.413 0.127067 
392 320 392.058 394.435 0.454896 
400 320 400.842 394.822 0.719458 
408 320 408.012 394.997 0.126397 
416 320 416.457 394.501 0.43939 
424 320 424.032 394.469 0.0500433 
472 320 472.287 392.056 1.41749 
496 320 496.331 392.497 0.896845 
504 320 504.179 394.191 0.548093 
512 320 513.752 394.659 0.0450042 
32 328 30.599 401.916 1.30598 
88 328 85.373 401.824 0.179095 
96 328 93.214 402.078 0.0264313 
104 328 101.628 402.193 0.43436 
112 328 110.242 401.931 1.04587 
136 328 132.452 400.536 0.635996 
152 328 150.533 401.171 1.36886 
160 328 158.119 401.993 0.821832 
168 328 165.638 402.692 0.196695 
176 328 174.127 402.317 0.709138 
216 328 214.055 401.769 0.58793 
232 328 229.816 403.273 0.222123 
240 328 237.958 403.398 0.20231 
248 328 246.407 402.408 0.508575 
256 328 254.326 402.767 0.233831 
264 328 261.616 403.103 0.619213 
272 328 270.201 400.957 0.746407 
280 328 278.391 401.409 0.67908 
288 328 286.443 402.579 0.144418 
296 328 294.234 402.528 0.0870163 
304 328 302.192 402.248 0.0577992 
312 328 310.334 401.928 0.158733 
320 328 318.503 402.214 0.0940224 
328 328 326.225 402.502 0.363737 
336 328 334.21 402.186 0.278493 
344 328 342.075 402.533 0.651207 
352 328 350.546 402.881 0.531212 
360 328 359.374 402.98 0.00718985 
368 328 367.255 402.656 0.0114812 
376 328 376.239 402.792 0.632378 
384 328 384.315 402.928 0.514075 
392 328 392.011 403.376 0.100179 
400 328 399.846 403.147 0.183516 
408 328 408.65 402.335 0.857953 
416 328 416.418 402.977 0.169072 
424 328 425.842 402.556 1.41729 
432 328 432.713 401.117 1.43572 
456 328 456.35 400.13 1.60629 
464 328 464.909 400.943 1.35731 
496 328 497.478 400.986 1.3696 
512 328 513.737 402.54 0.201397 
32 336 30.407 407.463 0.746414 
40 336 37.186 408.523 0.219889 
48 336 45.055 409.662 0.148836 
80 336 75.164 410.421 1.93867 
88 336 84.748 409.849 0.384315 
96 336 92.604 410.548 0.518146 
128 336 126.059 407.106 1.10539 
136 336 132.609 408.79 0.450151 
144 336 141.569 409.705 0.409147 
152 336 148.96 410.642 0.334475 
160 336 157.163 410.306 0.115752 
168 336 166.685 410.668 1.28907 
176 336 174.64 410.774 1.17893 
216 336 213.851 410.674 0.180526 
256 336 254.68 411.224 0.446243 
272 336 271.034 409.577 1.29348 
280 336 278.518 410.95 0.180699 
288 336 286.504 410.926 0.103056 
296 336 294.742 411.044 0.183619 
304 336 302.565 410.443 0.232572 
312 336 310.643 410.592 0.155896 
320 336 317.969 410.418 0.414245 
328 336 326.017 410.692 0.583291 
336 336 334.174 410.886 0.626302 
344 336 342.013 409.822 0.261258 
360 336 358.947 410.801 0.176037 
368 336 367.874 411.28 0.217625 
376 336 375.946 410.812 0.45451 
384 336 383.905 410.94 0.251449 
392 336 391.003 411.224 0.729962 
400 336 400.579 411.189 0.434352 
408 336 409.572 411.302 1.02869 
416 336 416.561 411.633 0.0702074 
424 336 425.538 410.318 1.42161 
432 336 432.379 409.18 1.20347 
472 336 473.671 408.781 1.98682 
480 336 480.184 410.814 0.594776 
488 336 487.258 408.586 0.26713 
496 336 497.613 408.742 1.70347 
40 344 37.221 417.049 0.0343533 
48 344 44.876 418.825 0.104105 
56 344 54.019 418.816 1.02325 
88 344 86.021 418.395 0.966312 
96 344 93.59 418.479 0.52647 
104 344 100.229 418.929 0.852864 
112 344 109.779 417.324 0.717337 
120 344 117.166 417.72 0.089136 
128 344 124.505 417.347 0.550307 
136 344 132.979 417.827 0.122128 
144 344 140.509 418.234 0.647759 
176 344 174.662 418.537 1.30456 
216 344 213.002 418.761 0.600277 
232 344 229.713 419.402 0.239036 
240 344 238.728 423.317 0.686826 
256 344 255.029 422.931 0.55365 
264 344 263.846 418.569 1.76157 
272 344 271.395 418.551 1.28044 
280 344 278.466 418.377 0.4374 
288 344 286.33 418.72 0.0984524 
296 344 293.981 419.285 0.540441 
304 344 302.746 419.635 0.106279 
312 344 310.124 419.337 0.597939 
320 344 318.827 418.936 0.12969 
328 344 326.988 418.423 0.447078 
336 344 334.005 418.447 0.48131 
344 344 341.63 418.096 0.681154 
368 344 367.292 420.713 1.00658 
376 344 375.802 418.828 0.396962 
384 344 383.849 418.071 0.792014 
392 344 391.6 418.062 0.514379 
408 344 408.614 417.994 1.18185 
416 344 415.909 418.646 0.13201 
424 344 424.66 418.908 0.445353 
432 344 432.07 418.242 0.333782 
440 344 440.418 416.487 1.66763 
496 344 497.359 417.101 1.33238 
512 344 513.635 418.679 0.184058 
520 344 521.921 418.596 0.335213 
536 344 537.617 417.3 0.900147 
40 352 37.294 425.547 0.181072 
48 352 45.002 427.047 0.111891 
56 352 53.649 426.55 0.687137 
96 352 93.884 425.723 0.87083 
104 352 101.41 425.726 0.397207 
112 352 108.492 426.543 0.545995 
120 352 116.966 426.55 0.0936246 
128 352 124.633 426.515 0.447021 
160 352 155.433 426.01 1.66997 
208 352 206.235 425.409 1.05193 
240 352 238.952 431.09 0.311212 
248 352 247.645 430.692 0.335929 
256 352 254.7 431.671 1.04232 
264 352 262.317 427.057 0.225098 
272 352 270.613 426.545 0.627663 
280 352 278.412 426.596 0.354908 
288 352 287.049 426.318 0.980174 
296 352 293.956 426.706 0.242329 
304 352 302.979 427.274 0.334969 
312 352 310.627 427.234 0.0425648 
320 352 318.466 426.951 0.129151 
328 352 326.375 426.304 0.0367051 
336 352 333.931 426.935 0.739827 
344 352 342.052 427.047 0.772649 
360 352 360.183 431.31 1.50585 
376 352 374.987 427.245 0.441453 
384 352 383.842 426.388 0.663117 
408 352 408.811 425.911 1.45467 
416 352 416.875 426.616 0.970576 
424 352 425.007 427.463 0.433703 
432 352 432.68 426.354 0.792045 
440 352 442.141 431.086 1.29862 
464 352 466.458 431.735 1.94849 
504 352 504.411 425.951 0.0358191 
512 352 513.025 426.897 0.316788 
520 352 522.177 427.244 0.114501 
536 352 538.701 426.088 1.10472 
552 352 557.432 427.217 1.82744 
40 360 38.886 434.614 1.98048 
56 360 53.775 435.38 0.966243 
96 360 93.755 433.455 0.798215 
120 360 116.666 434.94 0.35341 
128 360 125.35 434.393 0.334637 
160 360 155.431 434.398 1.67373 
208 360 206.086 434.18 0.760934 
216 360 213.262 434.513 0.168233 
232 360 230.438 438.649 0.435957 
240 360 239.861 438.826 0.720989 
248 360 247.095 438.525 0.0355808 
264 360 262.46 434.785 0.521908 
280 360 278.27 434.602 0.282023 
288 360 287.075 434.873 0.82819 
296 360 295.674 438.02 0.091319 
304 360 303.122 435.331 0.503216 
312 360 310.574 435.053 0.0600251 
320 360 318.458 435.109 0.149722 
328 360 326.922 435.292 0.0817335 
336 360 335.294 435.201 0.360309 
344 360 342.804 435.243 0.170728 
352 360 350.448 435.099 0.483397 
368 360 367.934 434.447 0.946634 
376 360 375.259 435.211 0.130998 
384 360 384.284 434.588 0.97331 
392 360 392.358 434.33 1.09142 
400 360 400.274 436.634 0.448327 
408 360 408.192 434.396 0.735583 
424 360 425.364 433.702 1.89943 
432 360 432.151 433.349 1.09625 
440 360 442.328 437.609 0.0844504 
600 360 600.739 433.583 0.479051 
40 368 34.97 442.456 1.85296 
48 368 45.02 442.695 0.206883 
56 368 53.782 442.887 0.979797 
80 368 77.588 442.763 0.741208 
96 368 93.005 440.458 0.0959882 
104 368 101.529 440.72 0.641632 
136 368 131.072 442.914 1.94551 
144 368 139.152 442.664 1.87205 
216 368 214.112 441.506 0.979044 
224 368 222.026 438.989 1.58641 
232 368 231.88 447.403 0.78836 
240 368 239.365 446.976 0.289473 
264 368 261.69 442.036 0.144893 
272 368 270.916 441.854 1.29284 
288 368 287.336 445.243 0.141972 
296 368 295.465 444.788 0.339096 
304 368 303.381 444.872 0.116281 
312 368 310.783 444.341 0.282299 
320 368 318.427 443.378 0.240604 
328 368 326.726 443.184 0.0299817 
336 368 335.37 443.376 0.40686 
344 368 342.907 442.941 0.138674 
352 368 351.198 442.455 0.556472 
360 368 359.861 443.595 0.423249 
368 368 367.213 443.584 0.213444 
376 368 376.113 443.8 0.316045 
392 368 391.994 445.597 1.03555 
400 368 400.542 445.353 0.572604 
424 368 422.923 440.167 1.00981 
432 368 431.341 441.336 0.535081 
512 368 513.901 445.258 1.22936 
520 368 522.913 445.179 0.591012 
576 368 583.049 447.602 0.625449 
80 376 75.092 451.163 1.67149 
128 376 122.968 450.954 1.96254 
168 376 164.531 451.247 0.638124 
184 376 179.294 451.121 1.9261 
200 376 197.186 451.343 0.228333 
208 376 205.592 450.374 0.346032 
216 376 213.201 449.926 0.0418257 
224 376 222.266 448.31 1.48195 
272 376 269.862 447.657 1.20833 
288 376 288.835 453.935 1.30609 
312 376 310.119 452.225 0.748518 
320 376 318.445 452.34 0.607132 
328 376 326.859 452.237 0.292147 
336 376 334.83 452.185 0.391557 
344 376 343.525 450.956 0.729349 
352 376 351.807 451.001 0.858158 
360 376 360.119 451.782 0.617479 
368 376 367.598 451.635 0.154006 
376 376 375.052 452.705 0.990915 
408 376 408.443 449.399 1.66492 
472 376 471.871 449.835 0.26602 
536 376 537.946 453.163 1.40018 
80 384 76.356 458.834 0.365536 
120 384 117.268 458.299 0.453336 
128 384 125.914 457.948 1.0999 
152 384 147.228 458.924 1.74199 
192 384 189.075 458.986 0.143913 
200 384 197.431 459.654 7.58109e-14 
208 384 205.036 459.007 0.291186 
216 384 213.287 457.76 0.221968 
224 384 221.858 458.239 0.600679 
232 384 230.135 455.998 1.47646 
288 384 287.402 462.507 0.147237 
296 384 295.657 462.59 0.0829008 
312 384 310.297 463.489 1.97236 
320 384 319.236 462.566 0.853035 
328 384 326.11 460.54 1.02204 
336 384 335.202 460.489 0.14031 
344 384 343.727 458.909 0.995409 
352 384 352.045 459.689 0.781638 
360 384 360.187 459.645 0.823466 
368 384 367.832 460.325 0.057462 
384 384 382.737 459.475 0.598257 
400 384 401.79 459.62 1.62921 
408 384 408.338 458.454 1.02236 
440 384 440.812 457.644 1.52374 
464 384 463.216 456.335 0.892845 
472 384 471.562 457.18 0.526849 
496 384 495.658 456.415 0.88234 
80 392 75.48 467.095 1.16786 
88 392 83.5 467.293 1.16656 
96 392 90.962 466.194 1.74751 
120 392 117.076 467.379 0.272803 
128 392 125.21 466.727 0.406614 
136 392 132.957 467.261 0.0807607 
176 392 171.459 466.722 1.53539 
184 392 181.027 466.298 0.0465257 
208 392 205.525 467.406 0.146681 
216 392 214.425 467.228 0.998581 
224 392 221.904 467.631 0.320907 
232 392 231.31 467.484 1.63697 
272 392 273.146 472.847 0.964987 
280 392 281.536 472.607 1.24086 
288 392 287.817 470.862 0.180299 
296 392 297.514 469.988 1.94702 
304 392 304.252 469.628 0.819265 
328 392 327.09 470.093 0.803838 
336 392 334.938 468.678 0.38589 
352 392 352.408 467.234 1.39905 
360 392 360.589 467.248 1.44797 
376 392 374.815 467.621 0.451431 
384 392 383.847 467.563 0.350011 
392 392 392.226 467.828 0.415759 
400 392 400.688 467.717 0.752638 
408 392 409.505 466.78 1.85322 
432 392 432.801 465.22 1.92906 
440 392 441.904 467.217 1.47623 
472 392 472.152 465.064 1.10483 
24 400 18.171 481.545 1.16867 
32 400 28.994 480.335 1.30636 
112 400 109.148 479.887 0.331374 
120 400 117.237 480.183 0.287977 
136 400 133.174 480.108 0.0252751 
160 400 158.135 479.987 0.549659 
216 400 213.233 478.994 1.0429 
224 400 222.628 478.628 0.276669 
232 400 230.69 479.253 0.0345045 
256 400 254.549 481.597 1.28237 
264 400 262.878 481.969 1.2741 
272 400 271.478 480.085 0.211701 
280 400 280.97 479.196 1.35132 
288 400 288.806 479.457 0.9484 
296 400 295.009 478.583 0.494128 
304 400 303.518 478.11 0.036204 
312 400 312.318 477.748 0.787243 
320 400 320.161 478.499 0.184877 
328 400 327.101 478.672 0.972911 
336 400 335.67 477.065 0.154359 
344 400 343.669 479.585 1.1796 
352 400 350.79 479.366 1.98045 
360 400 360.337 479.474 0.838623 
368 400 366.298 477.593 1.7537 
376 400 375.35 475.732 0.0130305 
384 400 383.183 475.69 0.203074 
392 400 391.485 477.126 0.840689 
408 400 408.574 473.467 1.91873 
440 400 440.593 474.995 0.657071 
296 408 295.698 490.841 1.47305 
304 408 304.218 490.26 0.951418 
336 408 336.318 490.351 1.64429 
344 408 344.356 490.307 1.77399 
384 408 384.055 486.289 0.782371 
392 408 391.092 485.666 1.38113 
400 408 399.225 485.827 1.4771 
408 408 407.644 480.459 1.785 
