49 133 45 208 0.538203 
48 393 44 470 0.39671 
49 387 46 463 0.871739 
49 383 47 459 1.78167 
53 349 49 425 0.0361619 
53 331 50 408 1.4561 
55 337 53 412 1.35021 
59 134 56 207 0.420584 
62 146 59 221 0.995461 
63 290 60 365 0.482887 
64 346 60 421 0.551704 
62 403 59 479 0.663407 
62 405 60 482 1.97305 
65 401 61 476 0.6844 
66 314 64 388 0.803558 
69 330 65 405 0.573898 
68 332 65 407 0.32773 
68 344 65 418 0.13329 
68 381 65 458 1.04214 
68 400 65 476 0.591284 
70 378 66 455 0.106428 
73 332 69 408 0.192145 
71 402 68 479 0.928947 
73 380 71 456 1.49162 
77 304 73 380 0.146987 
76 74 75 147 0.620395 
77 87 75 159 0.712784 
78 375 75 453 1.29824 
79 123 76 196 0.537157 
79 312 78 386 1.58657 
81 333 78 409 0.592552 
83 288 79 362 1.09867 
82 74 80 148 0.909171 
82 377 80 453 1.38244 
82 399 79 476 0.769351 
83 292 81 368 1.58761 
83 281 82 355 1.56247 
85 343 82 418 0.103457 
86 103 83 177 0.212312 
90 400 86 476 0.644369 
89 411 87 487 1.2221 
90 105 88 179 0.826075 
93 291 90 365 0.318059 
95 389 91 465 0.689821 
96 395 92 472 0.37923 
96 298 93 374 0.487972 
96 336 94 411 0.904894 
97 326 95 401 0.909722 
101 385 97 462 0.431056 
100 79 99 153 1.40624 
101 308 98 384 0.380544 
100 337 99 412 1.78316 
102 344 100 418 0.455792 
105 130 101 204 0.822773 
104 113 102 188 1.41791 
106 103 104 178 1.44095 
108 293 104 369 0.592373 
106 342 104 416 0.419018 
106 386 104 462 1.04417 
108 110 106 185 1.39003 
108 125 105 200 0.580154 
109 347 105 422 1.13749 
109 329 106 405 0.197711 
110 402 107 478 0.00797646 
112 236 108 310 1.3215 
112 266 108 341 0.969463 
110 385 108 463 1.63038 
112 141 109 215 0.188515 
112 358 110 434 1.01942 
114 174 112 249 1.07059 
117 337 113 412 1.22491 
124 387 121 463 0.163982 
125 110 123 184 0.545678 
123 317 122 392 1.55384 
126 103 125 177 1.29571 
126 127 125 201 1.28919 
130 116 127 190 0.295667 
128 284 126 360 0.970792 
132 275 128 350 1.29013 
132 330 128 405 1.41835 
134 354 131 429 0.533299 
136 110 134 183 0.178365 
136 124 134 197 0.178548 
137 180 135 254 0.284554 
136 250 134 324 0.201136 
137 282 135 356 0.159161 
138 345 135 422 0 
141 329 137 405 1.25309 
142 104 139 178 0.388411 
144 131 142 206 0.849331 
144 155 142 229 0.25571 
145 151 143 225 0.252997 
146 360 142 437 1.1499 
145 372 142 449 0.196213 
146 115 145 189 1.14651 
148 149 147 224 1.58555 
151 109 148 182 1.1019 
150 372 148 449 0.686395 
151 152 150 224 0.123774 
152 115 151 190 1.64701 
154 292 151 367 0.701223 
155 310 151 385 1.70962 
156 123 154 196 0.319486 
158 139 155 212 1.21951 
157 403 155 478 0.0847839 
158 135 157 209 1.02033 
160 412 156 489 1.51938 
161 110 159 184 0.17315 
161 160 159 233 0.363469 
160 124 160 198 1.88288 
163 162 161 236 0.0286159 
163 303 160 377 1.10002 
164 340 160 416 1.66123 
165 381 161 457 1.75037 
166 125 163 198 1.27946 
165 401 163 479 0.569516 
175 108 174 183 1.3585 
175 138 175 212 1.76252 
176 141 175 216 1.22407 
177 135 176 208 0.430768 
180 119 177 192 1.4149 
179 138 177 212 0.119411 
177 157 177 231 1.7353 
181 332 178 409 0.762914 
181 299 179 375 0.0851159 
184 313 181 388 1.15938 
186 128 185 203 1.10999 
187 250 185 326 0.0783543 
187 381 184 457 1.11268 
191 337 188 414 0.963367 
191 387 188 463 1.18145 
192 118 192 192 1.61904 
195 312 192 388 1.15569 
194 388 191 464 1.22904 
196 337 193 412 1.35196 
194 370 193 447 0.909389 
195 380 194 455 0.611191 
196 113 196 186 1.23601 
196 257 196 332 1.68137 
196 315 196 392 1.94206 
197 124 197 197 1.24326 
200 378 197 455 1.19052 
200 152 200 227 1.77363 
200 332 200 408 1.70555 
205 316 203 391 0.470126 
206 128 204 200 0.994768 
206 396 203 473 1.31764 
207 108 205 183 0.147831 
208 92 206 166 0.418528 
207 142 207 216 1.44183 
211 272 209 346 0.650529 
212 276 210 350 0.663691 
216 259 215 334 0.407967 
217 112 217 185 1.12646 
220 257 218 332 0.643774 
220 124 219 197 0.131486 
220 118 220 193 1.50616 
222 108 221 182 0.311977 
225 255 223 330 0.718104 
224 125 224 198 1.08759 
227 109 225 183 0.746374 
230 275 230 351 1.25957 
233 263 231 338 0.842745 
232 128 232 201 1.03345 
234 268 233 344 0.19453 
234 336 233 412 0.164424 
236 310 234 387 0.815053 
236 392 234 468 0.883194 
236 280 235 356 0.153029 
238 103 236 177 0.910992 
236 131 236 206 1.18309 
238 320 237 395 0.0677824 
239 106 238 181 0.151696 
239 278 238 353 0.062872 
240 287 238 362 0.953004 
241 90 241 165 1.12189 
240 275 240 351 1.08344 
240 292 240 368 1.07808 
243 310 241 385 0.999692 
244 274 242 349 1.00897 
243 327 242 402 0.00212888 
246 290 245 364 0.0549716 
245 295 245 370 0.973532 
246 388 245 463 0.0474497 
247 278 246 353 0.0534356 
247 359 247 436 0.960547 
249 374 247 451 1.07697 
250 277 248 353 1.09443 
248 414 248 489 0.925672 
251 114 251 189 0.888445 
252 123 250 198 1.13202 
250 273 250 347 0.900346 
252 285 250 359 1.12239 
252 138 252 213 0.869044 
253 151 252 227 0.160594 
255 108 254 181 0.140392 
255 333 253 408 1.16641 
256 309 254 384 1.18169 
254 322 254 397 0.846699 
256 95 256 169 0.811647 
258 143 256 219 1.2852 
256 293 256 369 0.80092 
258 327 256 403 1.22768 
259 110 259 185 0.714112 
260 161 259 234 0.181283 
262 149 260 222 1.1949 
263 352 262 428 0.304176 
264 125 264 198 0.785285 
265 370 263 447 1.36605 
265 103 265 175 0.879384 
266 349 265 425 0.352908 
269 109 267 183 1.36603 
268 148 267 224 0.52483 
267 414 266 489 0.315432 
268 161 267 234 0.244631 
273 176 273 250 0.604814 
274 377 273 453 0.469115 
275 124 275 198 0.542234 
278 134 277 210 0.796875 
278 145 278 220 0.36844 
279 318 278 393 0.498813 
280 327 278 402 1.50549 
278 367 278 444 0.394322 
279 386 278 462 0.54216 
281 106 280 180 0.546788 
280 294 279 371 0.701202 
283 188 282 262 0.507265 
282 271 281 347 0.666761 
283 367 281 443 1.61023 
284 318 283 394 0.661429 
286 176 285 250 0.55089 
285 268 284 344 0.722909 
284 345 284 421 0.353632 
286 360 285 435 0.575285 
286 365 285 442 0.749408 
286 307 286 384 0.188443 
288 157 288 233 0.0114724 
289 333 287 410 1.82969 
288 108 289 182 1.29598 
289 150 289 225 0.169292 
289 111 290 185 1.2859 
289 130 290 205 1.09604 
290 123 291 196 1.53466 
291 183 291 256 0.558253 
292 360 290 435 1.6485 
292 412 290 488 1.71978 
293 177 292 252 0.830721 
292 370 291 447 0.852657 
293 251 292 326 0.740479 
295 250 294 326 0.924533 
295 371 294 446 0.687635 
295 399 294 475 0.776699 
297 276 295 352 1.91252 
296 375 295 453 1.02898 
296 272 296 349 0.0683995 
299 253 297 328 1.81214 
298 376 297 454 1.06783 
298 188 299 263 1.06245 
300 339 299 414 0.770822 
300 106 301 179 1.42003 
302 258 300 332 1.67618 
302 323 302 399 0.0394527 
303 368 302 445 1.05068 
303 108 304 181 1.38996 
303 311 303 387 0.00836547 
303 350 303 425 0.187523 
304 111 305 184 1.3822 
306 117 305 190 0.513183 
305 262 305 337 0.0810557 
307 97 308 171 0.942845 
308 127 308 202 0.254951 
309 181 308 257 1.34065 
309 289 307 364 1.91521 
309 345 307 420 1.87332 
309 111 309 184 0.400412 
309 179 309 255 0.382103 
308 376 308 452 1.17732e-13 
312 100 311 175 1.3633 
313 122 312 196 0.929176 
312 256 313 331 0.948531 
313 94 314 166 1.69784 
315 131 314 205 0.939926 
313 251 314 327 0.71204 
313 267 313 344 0.435131 
315 312 314 388 1.17326 
316 369 314 444 1.9452 
317 103 316 177 1.00165 
316 257 316 330 0.35015 
317 319 316 394 1.01062 
318 260 318 335 0.112327 
319 141 319 217 0.76338 
319 304 318 379 1.05129 
321 90 320 163 0.575548 
320 99 320 172 0.307109 
319 113 320 186 1.22636 
321 127 320 200 0.613362 
320 277 320 354 0.552658 
319 367 319 442 0.0118048 
320 393 319 469 1.1526 
321 109 321 181 0.739414 
320 160 321 236 0.252237 
324 134 323 210 1.83032 
324 185 323 259 0.981474 
325 129 324 202 0.638839 
325 220 325 294 0.00428658 
327 117 326 193 1.98405 
326 328 325 404 1.32336 
326 99 327 171 1.62078 
327 358 326 434 1.29701 
327 383 326 459 1.2664 
328 125 328 199 0.187028 
327 174 328 249 0.511616 
327 184 328 258 0.874 
328 323 327 398 1.15019 
330 82 329 154 0.0443406 
330 110 329 184 1.12674 
330 286 329 362 1.45751 
331 123 330 198 1.57328 
331 146 330 222 1.90522 
329 297 330 372 0.755428 
331 129 331 205 1.09435 
333 143 332 219 1.95709 
332 368 331 445 1.55708 
332 176 333 249 1.15186 
333 386 332 463 1.54324 
334 132 334 206 0.244869 
336 125 335 199 1.16722 
334 384 334 459 0.19121 
336 105 336 178 0.183838 
337 112 336 187 1.69736 
336 115 336 189 0.309172 
338 70 337 144 1.24465 
338 108 338 183 0.872008 
337 263 338 338 0.580619 
337 372 337 448 0.448793 
340 62 339 136 1.26508 
337 381 338 457 0.542915 
340 47 341 121 0.0879318 
341 67 342 141 0.231238 
341 97 342 171 0.408242 
343 267 342 342 1.41253 
343 119 344 194 0.037115 
345 310 344 385 1.38111 
344 68 345 141 0.865176 
345 282 345 357 0.458744 
345 302 345 376 0.157727 
345 307 345 382 0.420948 
345 371 344 447 1.5447 
345 399 344 475 1.50681 
346 140 346 215 0.846369 
347 328 346 403 1.38535 
347 69 347 142 0.10333 
347 72 347 147 1.23165 
346 118 347 192 0.431351 
346 166 347 242 0.273611 
347 337 347 412 0.407704 
349 75 348 150 1.98623 
349 261 348 337 1.81478 
348 268 348 344 0.830122 
346 345 348 421 1.31015 
350 47 349 121 1.3241 
348 309 349 384 0.504031 
349 97 350 171 0.296146 
349 264 350 341 0.221184 
350 292 350 366 0.218609 
350 61 351 135 0.0640843 
351 65 351 138 0.0783615 
350 122 351 198 0.676037 
353 130 352 205 1.84376 
351 139 352 214 0.059159 
353 276 352 351 1.52668 
351 349 352 424 0.522559 
352 380 351 455 1.39397 
354 189 353 263 1.27965 
354 88 354 161 0.0577063 
353 108 354 183 0.287151 
355 83 355 156 0.0519844 
356 279 355 355 1.87866 
353 394 354 471 0.0856419 
355 61 356 135 0 
357 140 356 215 1.86272 
357 284 356 360 1.88205 
354 400 355 477 0.0811649 
358 67 357 140 0.6537 
356 89 357 161 1.45417 
358 184 358 257 0.0180789 
357 389 357 466 0.964092 
361 50 360 124 1.3777 
359 61 360 135 0.0489889 
360 189 360 264 0.875834 
359 341 360 417 0.125922 
360 322 361 397 0.360102 
360 379 360 455 0.779966 
363 64 362 136 0.0955563 
364 133 363 207 1.40491 
364 376 363 452 1.8072 
365 118 364 192 1.41918 
364 278 364 354 1.06084 
363 389 363 467 1.32112 
366 50 365 123 0.59506 
365 62 365 135 1.07948e-13 
364 101 365 174 0.760302 
364 113 365 188 0.432873 
366 125 366 201 1.78199 
367 129 366 203 1.42988 
367 73 367 145 0.715957 
366 106 367 180 0.1193 
367 112 367 185 0.0306408 
367 99 368 173 0.074466 
368 370 368 445 0.633097 
368 379 369 456 0.208129 
369 170 370 245 0.194391 
369 372 370 449 0.243626 
371 152 371 225 0.0687041 
370 190 371 265 0.125814 
372 121 372 196 1.2929 
373 63 373 138 1.59904 
373 86 373 161 1.47538 
373 259 373 334 0.873773 
375 269 374 344 1.80415 
373 389 374 467 0.54645 
376 90 375 164 1.48821 
375 261 375 338 1.67197 
376 65 377 140 0.99228 
375 142 376 218 0.99906 
375 348 376 425 0.416901 
376 362 376 439 1.34582 
375 381 376 458 0.322779 
377 88 378 161 0.620201 
377 367 378 442 0.206473 
377 393 378 470 0.325447 
379 92 379 165 0.0916118 
379 381 379 457 1.04993 
381 177 381 253 1.71683 
383 73 384 147 0.23716 
383 140 383 216 1.95221 
385 157 384 230 0.981493 
384 172 384 245 0.162004 
383 347 384 424 0.559795 
385 81 386 155 0.215344 
384 112 385 187 0.734642 
387 154 386 227 0.98444 
386 93 388 168 0.205485 
386 130 387 204 0.0161074 
389 135 388 208 0.951202 
386 178 388 253 0.435835 
386 385 388 462 0.453957 
389 125 390 199 0.0669344 
389 183 390 257 0.108161 
389 330 390 405 0.0105987 
390 72 392 147 0.491497 
392 76 392 149 0.141606 
391 259 391 336 1.96374 
392 109 393 182 0.539996 
391 178 392 253 0.477336 
393 48 394 122 0.465233 
393 128 393 202 0.851985 
394 131 393 205 1.61243 
395 53 395 125 0.728759 
393 81 395 155 0.339444 
394 173 395 248 0.540274 
395 86 397 161 0.411181 
397 113 398 186 0.507596 
397 95 399 169 0.396588 
399 47 400 121 0.515621 
399 58 400 132 0.458893 
398 175 399 248 0.564926 
398 262 399 337 0.282722 
401 77 401 151 0.982752 
401 53 402 125 1.22406 
401 67 402 140 0.395689 
402 93 402 167 0.969819 
401 314 402 389 0.196731 
402 296 403 373 1.08361 
405 99 406 174 1.08124 
403 181 405 255 0.768677 
407 121 407 195 0.970531 
405 262 406 337 0.373802 
405 265 406 342 1.28307 
407 62 408 136 0.50113 
407 110 408 184 0.30323 
406 117 408 190 1.14553 
406 134 408 208 0.524881 
409 58 409 131 0.181081 
408 90 409 163 0.393404 
408 389 409 467 1.19581 
409 264 410 341 1.35807 
410 61 412 135 0.00989078 
412 66 412 139 0.206116 
410 164 411 238 0.163305 
411 370 411 447 1.8836 
413 48 414 121 0.283801 
414 95 414 168 0.262046 
412 97 414 172 0.536082 
412 114 414 190 1.12541 
414 58 415 130 1.16714 
413 266 414 341 0.464671 
414 105 416 178 1.02575 
416 109 419 183 0.926207 
418 72 420 146 6.11593e-14 
418 96 420 169 0.953697 
421 147 422 220 0.368111 
420 347 421 423 0.772972 
421 369 422 445 0.728074 
422 362 423 438 0.760251 
424 89 425 163 0.522104 
423 94 425 168 0.10259 
425 348 425 424 1.74977 
427 87 428 161 0.551234 
427 106 429 180 0.135458 
426 352 428 428 0.0671103 
428 76 430 149 0.783024 
429 81 431 155 0.0394257 
432 124 432 197 0.383277 
430 84 433 158 0.524769 
432 75 435 149 0.413857 
433 90 435 166 1.66736 
436 318 436 394 1.96772 
437 88 440 163 0.349536 
440 111 441 184 0.217274 
463 55 465 129 0.452267 
465 131 467 205 0.0940528 
493 223 496 298 9.17382e-14 
504 68 507 143 1.16035 
504 116 507 190 0.0676653 
511 314 513 391 1.81883 
513 253 516 328 0.0862769 
517 230 520 305 0.237466 
523 76 525 150 0.675661 
521 316 524 394 1.76302 
525 340 528 417 1.07656 
529 100 530 175 1.97422 
529 210 531 284 0.369555 
528 220 531 295 0.402398 
529 306 532 381 0.052466 
531 80 535 155 0.865404 
531 343 534 420 1.1449 
532 262 535 338 0.944868 
532 325 535 403 1.87223 
534 331 537 408 1.24967 
538 58 540 131 0.166698 
544 126 546 200 0.654485 
547 163 548 237 1.14809 
551 174 553 249 1.41809 
551 177 553 252 1.40851 
192 331 189 410 0.653073 
231 387 229 466 0.663402 
263 410 261 489 1.37484 
374 121 377 196 1.03575 
380 149 383 224 1.1758 
405 290 408 367 0.642924 
417 47 421 121 0.699215 
501 81 505 154 1.20008 
507 181 510 253 1.90505 
548 330 552 405 0.597275 
51 376 46 450 1.8004 
53 287 50 360 0.446394 
55 346 49 422 1.75851 
60 357 58 431 0.828196 
68 411 64 485 1.12102 
74 376 68 453 1.78662 
81 394 75 471 1.98716 
80 113 77 189 1.73727 
82 79 80 150 1.57993 
83 286 82 359 1.09636 
85 263 83 336 0.190337 
87 280 84 353 0.704112 
88 114 85 190 1.62756 
88 306 85 383 1.01082 
91 130 88 206 1.45784 
94 284 91 357 0.761352 
99 350 94 425 1.94033 
100 76 96 149 1.18466 
99 133 95 209 0.576838 
96 346 95 419 1.05869 
100 334 96 411 0.228127 
101 101 97 176 0.15282 
103 98 98 173 0.515851 
103 102 99 177 0.114513 
104 119 100 194 0.0542874 
104 279 100 352 1.74624 
105 402 101 477 1.18726 
108 175 107 250 1.96499 
112 287 107 363 1.55293 
112 133 108 208 0.292591 
113 334 109 408 1.51525 
111 174 110 246 0.266098 
112 338 110 411 0.0136254 
118 109 115 185 1.2299 
131 334 127 411 0.791749 
132 349 128 427 0.563301 
135 112 132 184 1.57631 
136 338 132 413 1.48969 
136 401 132 479 0.821526 
141 97 139 173 1.70813 
141 140 139 216 1.38317 
152 336 148 414 0.935599 
153 376 149 451 1.78395 
156 359 152 436 1.33191 
161 102 157 176 1.4754 
160 127 157 202 0.243759 
161 390 159 464 0.16098 
165 130 163 206 0.995962 
163 154 163 226 1.01276 
164 331 163 409 1.73908 
166 315 164 388 0.409369 
167 308 165 381 0.417423 
171 295 169 368 0.449756 
171 117 171 189 0.87233 
176 123 173 195 1.80695 
181 132 179 208 0.640037 
181 288 180 361 0.445863 
182 135 181 211 1.52647 
185 289 182 362 1.54407 
188 296 186 369 0.589133 
192 106 190 182 0.55231 
192 310 190 383 0.622394 
191 343 189 417 0.457384 
192 261 192 334 1.33985 
197 248 194 321 1.64487 
198 250 195 324 1.47115 
199 129 198 205 1.18895 
199 253 198 326 0.30467 
200 335 197 413 0.995748 
204 263 201 337 1.55316 
208 157 208 229 0.983501 
215 287 212 361 1.69594 
220 105 219 181 0.773638 
228 264 228 337 1.07295 
231 310 231 388 1.33864 
235 374 232 451 1.8233 
239 126 236 201 1.86272 
236 295 236 369 1.05552 
238 324 236 398 0.968244 
242 388 239 465 1.95329 
241 283 240 356 0.0291838 
244 277 242 354 0.965502 
244 374 242 452 0.969946 
245 317 243 395 0.978621 
246 91 245 167 0.0444195 
249 333 247 407 1.0896 
249 100 249 176 0.946927 
247 117 248 191 1.94679 
256 136 255 212 0.23986 
259 324 257 398 1.19885 
261 345 259 423 1.32709 
259 317 260 392 1.77663 
263 324 261 398 1.24237 
263 136 263 207 0.935674 
262 160 262 233 0.801217 
264 327 262 401 1.25298 
265 322 264 396 0.265041 
269 136 267 208 1.13946 
271 372 270 446 0.324846 
270 323 271 399 1.56989 
274 349 272 427 1.60009 
272 362 272 436 0.661975 
275 369 273 443 1.36593 
275 281 276 358 1.38217 
275 303 276 378 1.54543 
278 391 276 469 1.65074 
278 339 277 413 0.40422 
279 376 279 454 0.313287 
281 177 281 254 0.0771974 
281 323 280 397 0.43964 
282 387 282 465 0.261601 
286 261 284 334 1.38569 
284 312 284 390 0.138085 
286 326 284 404 1.87837 
283 339 284 415 1.36213 
284 383 285 459 1.37361 
290 148 288 223 1.80928 
288 320 287 394 0.516278 
288 283 288 361 5.08221e-14 
291 177 290 254 1.17112 
292 379 292 453 0.449349 
296 254 295 331 1.09165 
297 291 296 365 0.622835 
297 111 299 186 1.80599 
297 316 298 391 1.23708 
302 177 300 251 1.71363 
302 183 300 258 1.93944 
299 369 299 447 0.104634 
299 374 299 452 0.0975365 
305 285 303 359 1.69795 
310 105 308 178 1.4514 
309 183 311 259 1.56346 
309 275 310 351 0.835055 
311 340 310 418 1.39247 
312 401 311 475 0.747854 
311 349 312 424 1.06754 
314 125 314 202 1.10929 
319 152 317 226 1.8989 
318 119 318 191 0.727423 
318 299 319 374 0.917372 
326 258 324 331 1.66892 
326 263 325 337 0.947229 
329 178 327 252 1.97935 
327 371 326 445 0.909863 
329 104 329 180 1.23357 
328 90 330 163 1.94401 
330 163 330 235 0.606591 
330 347 330 421 0.0298671 
333 341 331 415 1.95867 
333 120 333 197 1.66665 
334 359 332 433 1.96325 
332 281 334 355 1.90515 
336 361 337 436 0.738999 
340 269 339 343 1.08801 
341 140 341 217 1.68668 
341 159 341 231 0.570408 
339 399 340 477 0.137725 
340 371 341 445 0.912202 
341 144 343 220 0.581792 
342 398 342 477 1.10867 
345 143 347 219 0.479964 
349 352 348 426 1.1374 
349 101 351 174 1.71183 
352 173 351 245 0.396501 
355 221 353 294 1.81395 
354 85 356 159 0.923955 
355 386 356 460 0.757937 
357 85 359 159 0.875678 
358 115 360 191 0.0904879 
358 171 360 246 0.867648 
359 74 361 148 0.746883 
362 47 363 122 0.989023 
361 164 363 238 1.26202 
362 143 364 218 0.629551 
363 291 364 365 0.58859 
364 148 366 222 1.15345 
367 344 366 418 1.31501 
369 65 367 138 1.31656 
367 146 369 221 0.560306 
369 294 369 372 1.77417 
368 361 369 435 0.599459 
370 389 369 464 1.59775 
370 132 372 206 0.989507 
370 175 372 251 0.186952 
371 141 373 217 0.108587 
372 317 373 395 0.791872 
374 138 375 210 1.31057 
375 47 377 122 0.597389 
374 111 376 186 0.164893 
374 114 376 189 0.191528 
376 278 376 356 1.99263 
376 346 376 420 0.449289 
375 150 377 225 0.448409 
376 331 377 409 0.814241 
377 397 377 472 0.711137 
376 60 379 134 0.969437 
378 135 380 208 1.49196 
381 377 380 451 1.43323 
384 165 383 238 0.991011 
384 176 383 249 1.00841 
384 184 383 256 0.499186 
382 63 385 138 0.116035 
383 190 384 262 1.20787 
383 108 385 183 0.0134028 
387 176 386 248 0.47941 
387 184 386 257 1.03481 
384 369 386 443 1.38377 
387 189 387 261 0.332561 
388 109 390 185 0.774233 
390 339 390 413 0.593088 
392 166 391 238 0.452824 
390 50 393 125 0.235838 
391 97 394 171 1.17089 
393 125 394 197 1.21982 
395 178 394 250 0.501522 
396 69 396 144 1.77451 
396 72 396 147 1.76268 
394 109 396 181 1.93875 
393 134 395 207 1.33109 
393 149 395 223 0.761207 
394 116 397 189 1.98578 
397 398 396 473 1.89353 
397 390 399 469 0.373928 
401 139 400 211 0.349801 
402 112 402 184 0.488922 
401 385 401 460 1.00935 
401 91 404 165 0.963437 
402 264 403 342 1.68805 
404 276 404 349 0.333003 
404 375 404 450 1.05725 
407 78 406 152 1.60414 
404 108 407 181 1.81312 
405 304 406 382 1.5165 
404 319 406 396 0.104949 
409 74 408 148 1.60015 
407 345 407 419 0.752907 
412 170 411 242 0.500071 
413 285 412 359 1.74366 
413 124 414 196 1.11838 
419 329 421 403 0.938411 
429 286 428 360 1.86834 
430 100 431 172 1.06578 
430 388 430 463 1.33255 
431 284 431 357 0.520221 
434 80 435 152 1.07023 
437 220 436 294 1.91555 
435 390 436 465 0.467659 
436 362 437 437 0.528211 
437 119 440 192 1.51497 
464 66 465 138 0.978762 
496 134 499 207 1.06235 
506 168 509 241 1.10727 
509 258 512 332 0.644233 
511 344 512 419 1.36419 
510 319 514 395 0.422743 
512 256 516 331 0.681101 
517 128 520 204 1.67498 
522 72 524 144 1.17703 
519 336 523 412 0.384425 
525 275 529 350 0.620975 
527 282 530 356 0.538029 
529 248 532 325 1.68882 
530 224 533 301 1.87275 
530 266 533 343 1.58115 
529 327 533 403 0.200485 
533 268 536 342 0.441536 
532 359 536 435 0.317671 
535 282 537 355 0.388065 
533 320 537 397 0.514747 
537 266 540 343 1.67361 
544 98 545 170 0.691391 
544 187 546 260 0.272982 
550 106 554 179 1.02905 
62 379 58 458 1.06444 
76 314 71 388 1.96325 
81 304 78 382 1.5846 
106 326 103 404 0.998968 
115 85 111 160 0.111203 
119 339 114 415 1.86512 
122 357 117 434 1.65463 
123 347 118 424 1.63738 
122 331 119 409 0.662176 
128 176 125 247 1.99252 
130 345 125 422 1.76312 
144 92 141 168 0.935811 
146 381 142 455 1.94131 
148 160 146 231 1.19911 
193 158 194 230 1.96252 
196 383 193 462 0.863121 
200 388 198 467 0.0303165 
202 386 200 465 0.0109554 
260 390 259 469 0.315536 
267 398 268 476 1.56807 
274 317 275 391 1.63131 
287 166 288 238 1.7534 
288 280 289 354 1.45862 
311 388 312 466 0.672335 
314 348 315 422 1.18901 
319 136 320 213 0.233257 
330 374 329 453 1.89461 
332 103 333 179 0.445228 
340 103 341 179 0.634192 
344 167 345 239 1.45227 
350 388 352 465 1.0981 
359 126 360 203 1.38414 
361 184 362 256 1.3392 
376 116 377 193 1.87207 
381 362 384 439 1.42063 
390 189 393 263 1.8088 
406 347 409 423 1.27902 
410 345 412 423 0.490483 
416 291 418 369 0.907857 
416 145 420 220 1.25711 
433 121 437 195 1.45747 
511 101 514 173 1.69917 
514 321 516 394 0.56075 
517 338 521 416 0.743417 
526 88 530 160 1.98667 
528 227 532 304 1.1397 
536 324 540 402 1.15751 
542 328 546 406 1.22356 
544 67 549 142 0.741854 
