327 373 325.454 449.046 0.0724709 
111 337 107.022 412.413 0.806196 
175 101 173.033 177.018 0.09137 
471 333 471.828 410.504 0.498289 
474 151 475.896 224.949 0.355718 
138 116 135.959 192.235 0.00642752 
304 294 302.25 368.922 0.0994034 
505 349 506.022 425.459 0.924425 
314 369 312.313 445.314 0.0961295 
567 308 570.543 383.718 0.0599449 
224 234 221.023 307.85 0.871523 
503 67 505.616 140.289 0.290448 
589 211 593.399 286.025 0.0435846 
184 389 180.768 464.934 0.0624642 
571 303 574.558 378.823 0.192762 
54 71 51.403 144.437 1.54877 
509 353 509.997 430.253 1.14519 
153 328 149.605 403.849 0.346916 
571 95 574.804 168.171 0.112272 
473 377 474.229 453.611 0.108485 
366 249 364.878 323.033 0.426977 
205 108 203.498 183.333 0.236105 
247 327 244.656 401.992 0.02535 
487 384 488.053 461.13 0.429478 
372 109 372.395 184.463 0.461906 
252 323 249.939 397.974 0.246585 
403 373 402.293 449.244 0.351689 
558 79 561.917 151.934 0.34136 
440 110 441.638 184.298 0.618805 
187 113 185.126 189.378 0.05037 
572 55 575.963 127.951 0.0565776 
95 130 92.011 207.965 0.595402 
194 323 190.943 398.149 0.301325 
228 335 225.019 410.203 0.408961 
210 366 206.709 441.607 0.426406 
477 129 479.329 202.546 0.712028 
386 299 384.977 374.099 0.537108 
127 311 123.685 386.431 0.313207 
367 369 365.871 445.575 0.166276 
145 367 141.255 442.235 0.536302 
244 316 241.816 390.949 0.165695 
584 122 588.377 195.399 0.128776 
202 121 200.234 197.171 0.10923 
589 320 592.953 396.254 0.334556 
120 226 117.031 299.537 0.653025 
81 379 76.071 454.153 1.52302 
471 378 472.041 454.625 0.0312268 
199 78 197.588 154.045 0.268412 
375 64 375.371 138.281 0.32246 
585 211 589.021 286.004 0.294778 
354 60 353.996 133.974 0.242902 
583 79 586.988 152.018 0.271678 
247 230 244.833 304.071 0.222833 
358 124 358.039 198.993 0.391065 
538 273 539.968 348.598 0.940599 
414 87 415.563 161.663 0.917443 
152 84 149.989 160.979 0.0614943 
480 352 481.114 429.166 0.318508 
204 315 201.004 390.021 0.346217 
240 89 238.982 165.097 0.480566 
329 145 328.038 220.013 0.147415 
519 289 521.836 364.161 0.516971 
480 96 482.387 169.049 0.683032 
568 151 571.773 225.021 0.0659525 
152 215 149.864 287.544 5.74391e-14 
205 359 201.932 434.672 0.192725 
288 64 287.492 138.576 0.463762 
346 71 345.962 144.997 0.345574 
68 129 64.797 207.292 0.783812 
171 276 168.041 351.028 0.313214 
399 121 400.036 195.97 0.732195 
455 376 456.025 452.448 0.319156 
587 146 591.271 219.989 0.110811 
261 71 260.046 146.036 0.275892 
486 368 487.159 445.079 0.349489 
292 378 289.834 454.931 0.0568395 
262 372 259.956 448.003 0.385223 
583 351 586.947 428.115 0.217008 
367 353 365.981 429.043 0.0867136 
303 231 303.101 305.526 1.53588 
384 182 383.86 255.496 0.0999127 
263 235 261.026 309.042 0.137687 
418 339 417.202 414.937 0.816264 
563 328 566.219 404.506 0.340396 
497 203 498.301 277.528 0.661514 
585 57 588.96 129.992 0.415349 
67 149 63.567 227.909 0.780975 
384 232 383.652 304.656 0.103776 
290 346 287.95 421.7 0.0408302 
192 149 189.751 224.56 0.244995 
151 110 148.893 186.612 0.063181 
127 347 123.038 422.844 0.72434 
457 87 459.445 160.588 1.10708 
71 292 66.976 367.028 1.14989 
362 92 362.208 166.704 0.412516 
271 232 269.887 306.418 0.649717 
358 378 356.576 454.298 0.269317 
589 341 592.916 417.977 0.433491 
186 128 183.835 203.442 0.246845 
490 336 490.866 413.565 0.908766 
363 120 363.115 195.005 0.380417 
278 354 275.738 429.736 0.0830094 
287 362 284.787 438.271 0.104195 
262 137 260.497 212.523 0.00455384 
359 77 358.998 151.452 0.209413 
111 357 106.724 432.387 0.999949 
111 139 108.174 216.809 0.410904 
575 210 578.907 285.058 0.140581 
500 79 502.495 151.702 0.369766 
242 274 239.974 349.164 0.178772 
261 64 260.74 138.332 0.920149 
91 128 88.013 205.988 0.602921 
365 160 364.727 233.973 0.147731 
357 304 355.487 379.721 0.572975 
584 167 588.233 241.217 0.0434027 
277 346 274.806 421.343 0.0397704 
76 372 71.454 446.816 1.23078 
536 134 538.912 207.872 0.106227 
86 145 82.798 223.461 0.641624 
590 276 594.035 351.708 0.336075 
87 70 84.292 145.234 1.14901 
419 368 418.173 444.141 0.784666 
431 388 431.68 464.802 0.488852 
358 340 356.526 416.257 0.448432 
153 254 150.029 328.278 0.448035 
233 151 231.362 226.511 0.141776 
479 368 480.13 445.024 0.20713 
184 58 182.998 132.971 0.533407 
241 181 238.946 255.023 0.271454 
414 57 415.291 132.005 0.522335 
124 109 121.637 185.786 0.270021 
110 315 106.408 390.542 0.522017 
588 188 592.481 263.012 0.0137574 
370 220 369.23 293.622 0.207513 
66 72 63.454 146.369 1.23348 
198 287 194.78 362.416 0.628856 
242 335 239.589 410.148 0.0404711 
464 367 465.253 443.572 0.304957 
585 232 589.103 307.346 0.211447 
477 96 479.34 168.983 0.708297 
464 130 466.181 203.476 0.845452 
316 102 315.53 176.713 0.355926 
93 146 89.94 224.431 0.50051 
240 201 238.006 274.829 0.130156 
586 189 590.028 263.971 0.386675 
280 105 279.011 179.389 0.205762 
581 223 585.141 298.411 0.106382 
101 346 96.679 421.32 1.09564 
486 135 487.778 208.896 0.058595 
229 282 226.917 357.079 0.253904 
54 129 50.519 207.528 1.0422 
351 200 350.015 273.975 0.238159 
472 111 474.333 184.506 0.77322 
579 272 582.597 347.442 0.414304 
428 80 429.657 154.287 0.774792 
470 276 470.863 351.538 0.396381 
549 110 552.653 183.167 0.357657 
92 138 88.982 216.047 0.565626 
288 71 287.497 145.551 0.494766 
346 116 345.961 190.997 0.454358 
480 328 480.742 405.624 0.826872 
570 263 573.515 338.363 0.261796 
136 292 132.571 367.152 0.576751 
183 386 179.745 461.873 0.0968729 
191 330 187.753 405.331 0.428506 
338 239 336.971 312.996 0.0206738 
354 321 352.477 397.259 0.49901 
85 116 81.949 194.095 0.72379 
256 117 254.386 191.767 0.170255 
319 366 317.361 442.287 0.0641296 
343 388 341.468 464.086 0.0989032 
386 149 386.641 223.373 0.685137 
469 102 471.333 175.474 0.813242 
410 345 409.576 421.033 0.27889 
185 107 183.042 182.049 0.173419 
334 329 332.472 405.064 0.166323 
384 80 384.541 154.584 0.385064 
207 233 204.398 306.666 0.421589 
140 328 136.324 403.636 0.599406 
549 105 552.662 178.261 0.332574 
460 343 460.859 419.803 0.104341 
70 279 66.36 355.243 0.656661 
243 309 240.89 383.749 0.21223 
244 335 241.566 410.17 0.000633155 
379 387 378.04 463.041 0.114325 
390 164 389.92 237.879 0.0154829 
243 294 240.831 368.723 0.0914673 
186 324 182.377 399.547 0.784546 
81 77 78.089 152.225 1.32899 
375 230 374.067 303.538 0.406578 
254 326 251.954 400.974 0.255072 
511 387 511.964 464.958 1.2068 
139 345 135.034 420.953 0.766295 
165 333 161.392 408.588 0.613679 
511 52 514.165 125.044 0.649503 
243 276 240.968 351.115 0.170644 
138 283 134.663 358.061 0.546147 
544 127 547.118 200.216 6.13203e-14 
109 124 106.555 201.16 0.212215 
448 168 449.758 242.037 0.787738 
248 202 246.139 275.66 0.0538336 
461 95 463.273 168.535 0.887113 
351 172 350.365 245.732 0.02836 
431 74 432.671 148.702 0.66967 
203 138 201.026 213.964 0.0416875 
194 117 192.086 192.976 0.0346248 
136 366 131.86 441.251 0.900511 
571 88 574.835 161.131 0.0947392 
272 240 270.83 314.555 0.61698 
239 119 237.594 194.063 0.176865 
130 340 126.101 415.835 0.707119 
346 390 344.461 465.819 0.136742 
202 95 200.887 170.693 0.604621 
323 368 321.415 444.364 0.0674334 
370 94 370.396 168.839 0.482166 
122 316 118.337 391.716 0.587725 
376 70 376.312 144.324 0.26484 
88 72 85.208 147.374 1.19128 
336 380 334.476 456.049 0.0123337 
270 336 267.616 411.43 0.191095 
195 110 193.125 184.977 0.114603 
296 73 295.523 147.68 0.45426 
295 110 293.966 184.465 0.0425826 
159 197 157.155 268.631 0.097448 
340 102 339.962 177.002 0.488243 
70 327 65.948 401.788 1.00951 
272 51 271.049 126.002 0.113405 
180 331 176.383 406.492 0.717182 
488 151 489.501 224.889 0.3274 
238 282 235.902 357.018 0.166082 
153 88 150.985 164.992 0.0452057 
537 219 539.985 294.05 1.14759e-13 
104 54 101.991 129.297 0.491423 
465 359 466.257 435.841 0.229666 
372 97 372.362 172.093 0.412461 
271 134 269.534 209.665 0.0564591 
413 123 414.815 197.684 1.29477 
232 113 230.356 187.903 0.050418 
360 315 358.428 391.102 0.657636 
107 123 104.559 200.162 0.214059 
256 343 253.981 418.006 0.331274 
554 307 557.198 382.693 0.0472694 
173 264 169.703 338.123 0.795558 
197 64 196.006 138.979 0.538807 
445 144 446.819 218.077 0.829642 
123 89 120.909 165.932 0.0916785 
309 155 307.848 229.138 0.0543734 
301 151 299.632 225.192 0.201295 
389 368 387.733 444.312 0.676085 
215 230 211.991 303.832 0.870991 
53 143 49.247 221.757 1.18058 
265 339 262.959 414.036 0.206524 
151 365 147.268 440.413 0.539156 
369 202 368.216 275.637 0.266138 
317 305 315.59 380.358 0.114562 
568 65 571.874 137.946 0.00592601 
509 318 510.189 394.099 0.910721 
72 144 68.219 222.835 1.16218 
473 160 474.745 233.915 0.258791 
60 303 56.042 378 1.04053 
312 149 310.952 223.006 0.00270305 
195 100 193.473 175.786 0.251803 
554 222 556.908 297.465 0.585578 
582 240 585.962 315.261 0.218491 
371 236 370.103 309.589 0.295243 
350 64 349.989 137.965 0.300615 
125 274 121.517 348.701 0.757191 
427 58 428.534 132.39 0.594304 
269 55 268.485 129.674 0.580961 
168 59 167.04 134.044 0.611498 
528 248 531.025 323.161 0.344614 
587 167 591.327 241.16 0.0231442 
190 136 187.819 211.975 0.194811 
273 315 270.804 390.104 0.120976 
256 276 253.934 351.214 0.0262764 
99 383 94.036 458.143 1.55531 
82 117 78.95 195.102 0.718886 
565 79 568.928 151.917 0.173914 
480 136 481.979 209.977 0.261305 
264 370 261.96 446.018 0.360307 
183 311 179.576 386.316 0.646297 
135 62 133.876 137.82 0.565148 
331 389 329.657 464.86 0.278074 
389 293 388.38 367.267 0.152197 
215 330 212.03 404.986 0.331904 
175 377 171.3 452.674 0.547764 
375 103 375.582 178.354 0.588745 
498 232 499.469 307.079 0.507534 
504 275 505.262 350.142 0.722698 
572 159 575.83 233.403 0.171917 
263 250 261.779 324.784 0.692879 
462 103 464.302 176.49 0.924985 
473 388 473.948 464.652 0.138016 
568 145 571.768 218.88 0.0609762 
306 106 305.102 180.433 0.0534559 
289 148 287.552 222.464 0.172532 
272 266 269.894 340.91 0.212127 
98 349 93.657 424.296 1.10095 
350 98 350.037 173.134 0.409865 
580 232 584.023 307.331 0.145133 
415 108 416.633 182.938 1.00762 
255 134 253.13 208.579 0.356428 
351 376 349.523 452.2 0.213563 
55 382 51.007 456.981 0.613165 
80 107 77.118 184.065 0.794147 
529 58 532.426 131.212 0.467832 
274 147 272.58 222.058 6.09918e-14 
262 349 259.917 424.386 0.241887 
154 309 150.664 384.508 0.4177 
207 224 204.4 297.23 0.489115 
348 96 348.003 170.761 0.412099 
317 303 315.605 378.32 0.122934 
185 295 181.829 370.199 0.486915 
256 77 255.439 151.942 0.7265 
450 359 450.872 435.751 0.186618 
159 167 157.081 239.21 0.0739017 
95 54 92.643 129.052 0.90595 
227 273 224.954 348.01 0.264582 
484 64 486.013 137.018 0.144409 
351 378 349.473 454.161 0.255264 
196 288 193.012 363.126 0.401825 
320 201 318.96 274.998 0.099296 
136 383 131.838 458.42 0.820316 
336 69 335.721 143.353 0.208239 
559 150 562.215 224.089 0.389752 
448 124 449.56 197.821 0.484465 
217 144 215.15 220.085 0.037333 
456 142 457.999 215.906 0.806163 
419 375 418.989 451.711 0.00646861 
457 376 458.058 452.343 0.319657 
64 321 59.996 395.961 0.977806 
488 105 490.014 178.017 0.176308 
448 159 449.731 232.988 0.739337 
554 302 557.195 377.586 0.0487777 
592 231 596.344 306.337 0.178099 
320 192 318.958 265.978 0.0660712 
236 294 233.767 368.701 0.082623 
303 76 302.592 150.424 0.465992 
368 245 366.982 318.809 0.354347 
133 83 130.976 159.988 0.0542661 
140 305 136.564 380.363 0.505059 
364 312 362.459 388.089 0.700795 
432 120 433.813 194.332 0.970985 
289 372 286.836 448.477 0.0412527 
584 276 588.036 351.485 0.118849 
135 98 132.998 174.624 1.25099e-13 
361 73 361.075 147.356 0.250778 
351 360 349.553 436.62 0.253778 
108 285 104.298 360.709 0.767726 
580 299 583.721 374.885 0.31043 
129 301 125.837 376.314 0.231908 
112 347 107.868 422.408 0.908795 
562 295 565.524 370.468 0.0573083 
231 127 229.265 202.685 0.0341512 
355 340 353.513 416.177 0.410337 
435 112 436.574 186.562 0.627449 
470 335 470.779 412.502 0.516668 
363 64 363.147 137.8 0.296445 
583 335 586.901 411.849 0.272191 
542 76 545.798 148.961 0.61527 
486 352 487.124 429.836 0.534796 
241 224 238.486 298.036 0.552257 
498 255 499.371 330.199 0.547719 
352 119 352.01 194.004 0.430298 
317 319 315.508 394.624 0.0791256 
120 348 116.055 423.64 0.707142 
263 124 261.787 198.895 0.208066 
334 130 333.327 204.836 0.0312709 
275 127 273.679 201.847 0.0091542 
53 313 49.743 387.913 0.316433 
215 72 213.545 147.905 0.113171 
339 158 338.354 232.735 0.0920104 
313 346 311.47 421.69 0.19012 
472 352 473.171 429.598 0.126421 
383 375 381.998 451.018 0.264915 
147 384 143.164 459.499 0.526091 
341 384 339.513 460.175 0.039903 
81 73 78.106 148.012 1.37575 
207 91 205.808 167.27 0.527621 
356 138 355.884 212.861 0.317208 
254 293 251.895 367.849 0.0615521 
588 253 591.946 328.148 0.334178 
350 223 349.331 296.848 0.172806 
335 191 334.003 264.979 0.072682 
214 315 211.047 389.971 0.372839 
256 237 254.001 311.028 0.0976531 
65 150 61.497 228.997 0.830283 
570 368 573.892 445.894 0.0249551 
363 148 362.988 221.994 0.396711 
112 341 107.971 416.25 0.857894 
67 329 62.943 403.858 0.99516 
462 66 464.202 139.557 0.710323 
411 86 412.344 160.761 0.740269 
269 322 266.854 397.253 0 
98 378 92.913 453.026 1.7179 
536 273 538.879 348.405 0.0412047 
584 365 587.981 442.97 0.320664 
448 144 449.808 218.056 0.762695 
596 272 600.004 347.196 0.447259 
199 377 195.878 453.015 0.103336 
146 344 142.501 420.049 0.323999 
506 226 507.304 300.956 0.858701 
384 150 384.61 224.31 0.693179 
97 96 94.318 172.963 0.649245 
111 102 108.549 178.783 0.399055 
426 123 427.457 197.942 0.675204 
95 156 91.933 234.332 0.466704 
160 65 158.688 140.913 0.397783 
178 137 175.698 212.968 0.264017 
173 378 169.277 453.592 0.561456 
472 367 473.168 443.928 1.56447e-13 
510 342 511.009 418.027 1.02155 
505 357 506.029 434.258 1.00063 
493 240 494.447 315.016 0.3794 
340 115 339.755 189.971 0.32628 
348 100 348.051 175.192 0.45575 
572 231 575.847 306.301 0.0915901 
447 118 448.827 192.103 0.717589 
253 335 250.741 410.147 0.0924171 
335 206 333.98 280.016 0.0454177 
480 151 481.937 225.007 0.26046 
256 207 254.178 280.771 0.0486865 
249 272 246.932 346.988 0.0630988 
255 308 252.936 382.887 0.154082 
524 61 527.341 134.229 0.510059 
338 236 336.979 309.997 0.0183862 
174 386 170.733 461.595 0.0760266 
143 373 139.099 448.575 0.619841 
198 52 196.895 126.726 0.346901 
342 176 341.363 249.917 0.149779 
188 94 186.203 170.09 0.0075749 
584 367 587.996 444.982 0.300385 
434 317 433.865 393.255 0.572322 
256 246 254.417 320.678 0.373929 
513 159 515.062 233.183 0.363209 
