50 423 56 349 0.0135192 
53 340 60 265 0.569719 
56 405 60 331 1.75289 
54 380 61 304 0.218243 
63 334 68 262 0.0114663 
63 388 68 313 1.07976 
63 405 68 330 1.07118 
63 205 69 130 0.146544 
63 349 70 275 1.13478 
65 455 70 378 1.79365 
64 403 71 328 0.792945 
66 407 72 331 0.476277 
68 453 74 376 0.820928 
70 403 75 329 0.544949 
72 161 76 87 1.49782 
69 407 76 332 0.891146 
72 390 78 315 0.0208475 
76 145 79 74 1.3398 
78 147 82 74 1.03762 
76 338 82 263 0.0829329 
79 362 83 287 1.70003 
77 452 83 376 0.249277 
81 386 85 312 1.25635 
80 422 85 347 0.723893 
79 451 85 377 0.598827 
82 168 88 96 1.26368 
84 253 88 178 1.62837 
82 454 88 378 0.152674 
91 152 96 78 0.190397 
95 381 99 308 0.579744 
94 425 99 350 0.445802 
93 147 100 73 1.72435 
97 428 101 354 0.887602 
95 454 102 379 1.41932 
98 430 104 358 1.77967 
104 363 108 291 0.0159543 
105 359 109 287 1.18451e-13 
104 423 109 347 0.66325 
106 391 110 317 0.745262 
107 303 111 232 0.36506 
106 369 111 295 0.150697 
106 373 112 297 0.268135 
110 150 113 76 1.69683 
107 320 113 246 1.05982 
106 405 113 330 1.5991 
109 336 115 261 0.712261 
113 406 118 331 0.0897046 
115 461 120 386 1.56729e-13 
123 265 126 192 1.03282 
124 410 127 335 1.6895 
125 369 128 295 1.29839 
124 456 128 381 0.732144 
127 369 130 296 0.847337 
126 446 130 369 1.5629 
127 427 131 352 0.70595 
127 405 133 330 1.08792 
131 366 134 291 1.59317 
133 368 136 293 1.5524 
135 252 137 180 1.33298 
137 206 140 134 0.407361 
138 251 140 179 1.27177 
137 412 141 338 0.099849 
141 229 143 156 1.61763 
142 289 146 216 0.286533 
144 399 148 326 0.450238 
142 460 148 385 1.42153 
145 163 149 90 0.27982 
148 412 152 337 0.312918 
149 290 153 216 0.0228836 
151 353 153 279 1.70391 
150 204 154 129 0.38084 
152 362 154 288 1.67294 
151 368 154 295 0.356527 
151 371 154 297 0.775783 
151 168 155 96 0.777056 
151 357 155 285 0.956066 
151 385 155 310 0.281286 
150 439 155 366 1.53393 
154 405 159 331 1.13018 
158 388 160 314 1.5177 
160 193 162 120 1.26136 
158 236 162 162 0.168309 
160 406 163 333 0.114475 
160 416 165 340 0.382181 
162 457 165 382 0.880769 
163 409 166 334 0.925755 
164 180 167 109 0.507725 
165 338 169 264 0.370794 
167 175 171 100 0.0665307 
170 322 172 248 1.36054 
170 201 174 127 0.384364 
170 338 174 265 0.892862 
171 405 176 330 1.0187 
176 208 177 135 1.8514 
172 324 177 250 1.39986 
172 357 177 283 1.42822 
175 204 179 133 1.67347 
178 326 181 253 0.132686 
175 408 181 332 1.54807 
180 180 182 107 0.874524 
182 366 185 289 1.48266 
185 366 188 290 0.989189 
185 190 189 115 0.264129 
184 410 189 334 0.818359 
186 460 189 384 0.87176 
185 206 190 132 1.58421 
188 212 191 138 0.186306 
186 413 191 337 0.857166 
191 223 193 150 0.626496 
189 410 193 335 0.469511 
194 455 196 381 0.67983 
198 406 200 330 1.60116 
197 454 200 379 0.205253 
200 217 202 144 0.454705 
198 390 202 314 0.16541 
203 408 204 333 1.93497 
199 457 204 382 1.60414 
203 334 205 261 0.257801 
201 338 206 264 1.96193 
203 342 206 269 0.651446 
205 180 209 108 1.84789 
206 230 209 154 0.670297 
211 324 212 249 1.89344 
209 410 214 334 1.27139 
213 188 215 116 0.187469 
212 406 216 331 0.897554 
215 233 218 160 0.760161 
216 291 219 218 0.839937 
219 178 220 107 0.201318 
219 196 221 124 0.314659 
225 185 225 112 1.81254 
224 225 225 153 0.458713 
222 408 225 332 0.265018 
223 182 227 109 1.7837 
228 337 229 264 0.647537 
225 467 229 392 1.22661 
227 353 230 281 1.59687 
228 361 230 284 1.54968 
228 374 230 301 0.307879 
230 222 231 148 1.19634 
229 365 231 289 1.06859 
229 201 232 128 1.00255 
230 185 233 114 1.84802 
231 336 233 263 0.301809 
233 227 234 152 1.56402 
232 412 234 336 0.957905 
233 170 236 96 0.63926 
235 356 237 280 0.967369 
236 359 237 285 0.909309 
235 371 237 295 0.951681 
236 385 237 309 1.80101 
238 224 238 152 1.08155 
235 180 239 106 1.58839 
237 248 239 174 0.137611 
236 401 239 324 0.489121 
239 198 241 126 0.712118 
238 351 241 278 1.35251 
238 361 241 286 0.442289 
241 179 242 108 0.247689 
242 349 243 275 0.808615 
241 354 243 280 0.0664345 
240 411 243 336 0.544717 
241 362 244 286 0.034236 
244 435 247 359 0.171012 
245 453 247 375 1.63808 
245 411 249 334 0.557075 
246 435 249 360 0.693574 
250 347 250 273 1.54167 
249 402 252 327 0.699448 
251 452 252 377 0.924612 
254 177 254 103 1.68052 
251 249 254 176 1.46721 
252 215 255 140 0.581429 
252 369 255 294 0.711124 
255 351 256 277 0.553218 
254 384 256 309 0.111842 
257 190 257 118 0.747645 
255 369 257 295 0.358643 
255 411 258 336 0.823855 
257 181 259 108 0.615602 
257 398 259 324 0.447062 
260 223 260 149 1.52217 
257 415 260 339 0.380957 
260 250 261 174 1.49027 
262 232 262 160 0.586549 
259 292 262 219 1.67155 
261 201 263 126 0.162519 
260 393 263 316 0.0728791 
260 449 263 373 0.481293 
261 398 265 323 1.79125 
264 417 266 339 1.34169 
269 209 269 136 0.92368 
266 213 269 139 1.27389 
269 183 270 109 0.490654 
270 218 271 143 0.884936 
270 391 274 316 1.94554 
273 394 276 320 1.61848 
275 391 277 315 0.197876 
277 413 278 340 0.483347 
277 399 279 326 1.32185 
279 357 280 285 0.880707 
279 371 280 294 1.51008 
279 416 280 339 1.45549 
280 220 281 146 0.251098 
280 347 281 272 0.558765 
283 340 285 265 0.36499 
283 401 285 326 0.454215 
285 250 286 175 0.582428 
283 363 286 288 1.27096 
285 441 286 365 0.806548 
288 439 288 363 1.61722 
287 393 289 320 1.50294 
291 196 290 123 1.40838 
290 220 290 149 0.404406 
289 412 291 336 0.0836415 
291 424 292 348 0.726168 
292 422 295 346 1.01627 
293 464 295 388 0.23984 
294 326 296 251 0.548304 
296 381 296 308 0.086783 
296 393 297 317 0.684712 
297 259 298 188 1.50717 
298 412 299 339 0.89315 
298 424 300 348 0.263296 
300 365 301 289 0.652466 
301 255 302 183 1.11317 
299 448 302 370 0.14962 
303 428 303 351 1.87119 
302 445 303 367 1.5178 
303 371 305 295 0.278563 
304 418 306 343 0.869644 
307 181 307 107 0.678843 
305 368 307 293 0.805866 
305 432 307 355 0.11122 
305 447 307 371 0.42599 
307 364 309 289 0.836277 
311 193 310 119 1.48169 
307 231 310 156 1.57333 
308 336 310 259 0.162203 
311 419 311 344 0.719162 
311 168 312 94 0.275438 
311 171 312 100 1.63235 
312 331 312 256 0.863366 
311 334 312 260 0.484379 
312 196 313 122 0.319286 
312 422 314 347 1.02299 
313 352 315 279 1.91752 
314 388 316 312 0.495922 
315 432 316 357 0.240218 
314 207 317 132 1.6816 
316 444 317 366 1.27788 
317 382 318 305 0.827034 
320 164 320 90 0.454318 
318 247 320 172 0.896849 
318 348 320 272 0.516111 
317 404 320 329 1.94192 
319 195 321 119 0.414547 
321 249 321 176 0.136893 
322 213 322 140 0.101042 
324 456 323 381 1.24129 
325 166 324 92 1.24992 
323 215 324 140 0.0748921 
324 369 325 292 0.720609 
324 405 325 329 0.161263 
323 207 326 132 1.83923 
327 198 327 125 0.174934 
326 212 327 138 0.592972 
327 163 328 88 0.107209 
327 216 328 143 1.08394 
328 414 328 337 1.44796 
324 451 328 374 1.94597 
330 353 329 277 1.86112 
329 154 330 82 1.50307 
332 192 330 119 1.5094 
331 219 330 146 0.601748 
331 331 330 258 0.38541 
329 441 330 364 0.534066 
329 445 331 369 0.849083 
330 189 332 113 0.601578 
332 208 332 132 1.12208 
330 460 332 382 0.16909 
334 217 333 145 0.0760775 
330 466 333 390 1.75054 
338 192 336 118 1.86112 
336 165 337 91 0.728946 
338 168 337 94 1.00576 
337 180 337 105 0.589053 
336 336 337 263 1.45437 
336 446 337 372 1.1859 
336 452 337 375 0.393959 
336 456 337 381 0.678215 
338 140 338 70 1.6784 
337 218 338 146 1.74663 
339 251 338 178 0.393716 
337 216 339 140 0.735028 
340 161 340 87 0.089305 
339 195 340 123 1.74927 
337 341 340 265 1.70496 
339 343 340 268 0.517675 
340 446 340 370 0.64963 
341 179 341 103 0.98388 
341 374 341 299 0.253283 
342 165 342 92 0.414417 
341 338 342 261 0.461011 
343 461 342 385 1.40669 
342 170 343 96 0.842195 
343 193 343 119 5.11928e-14 
341 417 343 341 1.01358 
342 451 343 376 0.776529 
344 186 344 115 1.41611 
343 214 344 140 0.905576 
345 342 344 267 1.10052 
342 402 344 325 0.487455 
342 466 344 389 0.577429 
343 468 344 392 0.294608 
345 217 345 143 0.0659342 
344 385 345 309 0.162264 
344 448 345 371 0.261643 
345 158 346 85 1.34843 
345 193 346 117 0.0220385 
345 356 346 280 0.137071 
346 146 347 72 0.893497 
347 199 347 125 0.080448 
348 203 347 128 1.25095 
346 462 347 388 1.4131 
347 467 347 391 0.477642 
349 344 349 269 0.161716 
349 129 350 54 0.475917 
350 446 350 371 0.0665574 
351 211 351 139 1.12278 
352 423 351 349 0.2671 
352 233 352 158 0.266731 
350 454 352 377 0.695112 
352 123 353 51 1.89962 
353 173 353 100 0.630064 
351 196 353 120 0.964096 
352 222 353 148 1.07829 
351 240 353 164 0.989883 
353 358 353 282 0.577562 
355 263 354 189 0.556328 
353 362 354 287 0.800875 
353 215 355 141 1.96605 
354 397 355 322 0.88206 
356 460 355 383 1.71398 
355 463 355 387 0.342696 
356 159 356 86 0.668148 
356 170 356 98 1.15201 
358 334 356 259 1.73619 
358 424 357 347 1.75047 
358 138 358 65 0.680285 
360 195 358 120 1.92144 
359 455 359 379 0.288722 
362 170 360 98 0.496791 
362 243 360 170 0.841886 
362 336 360 261 1.6578 
360 123 361 50 1.58789 
359 220 361 145 1.59594 
362 256 361 183 0.0544568 
362 136 362 64 1.21696 
364 218 362 143 1.81881 
364 256 362 181 1.76365 
363 125 363 54 1.68416 
363 129 363 57 1.22645 
363 222 364 149 1.76175 
363 384 364 308 0.494442 
363 452 364 376 0.615799 
365 136 365 62 0.341293 
365 341 365 267 0.637613 
364 387 365 313 1.56857 
365 124 366 50 1.21652 
368 181 366 106 1.79247 
365 354 366 279 1.00206 
364 468 366 391 0.95437 
368 195 368 119 0.502039 
367 403 368 326 0.0640111 
368 409 368 331 1.28956 
368 208 369 132 0.383653 
372 138 372 63 9.9079e-14 
372 334 372 257 0.793932 
370 413 372 335 0.43887 
373 174 373 98 0.430646 
373 365 373 289 0.212426 
376 121 374 50 0.159473 
376 181 374 109 0.205812 
374 211 374 139 1.5611 
376 213 376 140 1.11471 
377 337 376 261 1.0414 
378 377 378 301 0.104214 
378 410 378 333 0.581872 
378 432 378 356 1.13932e-13 
379 458 378 382 0.760548 
377 407 379 329 0.54675 
380 256 380 182 0.761309 
378 445 380 368 1.15338 
378 449 380 373 1.70812 
381 146 381 73 1.11382 
381 165 381 91 0.659084 
381 349 382 272 0.231385 
384 245 383 172 0.448796 
382 405 383 329 0.859675 
383 250 384 176 1.6729 
384 380 384 305 0.538712 
386 437 384 362 0.972076 
386 225 385 151 0.0449235 
383 342 385 266 1.63205 
387 178 386 104 0.0932228 
384 387 386 311 1.70933 
387 240 387 167 1.36248 
388 333 387 258 0.33127 
386 375 387 300 1.4113 
387 149 388 75 1.62816 
388 262 388 189 1.42017 
388 208 389 134 1.70792 
387 406 389 330 1.78911 
392 145 390 72 0.441815 
391 170 391 94 0.123965 
390 222 391 147 1.26508 
391 394 391 319 0.692996 
390 400 391 325 1.52943 
392 149 392 76 1.31893 
393 173 392 98 0.476302 
393 179 392 105 0.0170405 
394 188 393 115 0.536564 
394 223 393 150 0.595436 
393 397 393 319 0.88685 
394 147 395 72 1.2698 
396 251 396 178 1.54787 
397 466 397 390 0.408251 
399 187 398 114 0.627575 
402 167 399 93 1.58166 
398 414 399 337 0.603999 
399 463 399 388 0.997588 
400 216 400 143 1.56164 
401 246 400 174 1.27382 
399 440 400 364 1.2173 
402 139 401 66 0.612103 
401 152 401 77 0.518778 
402 393 402 315 0.742866 
401 438 402 360 0.137498 
403 463 402 385 1.44626 
406 195 404 122 0.0986138 
406 382 404 306 1.28794 
404 451 404 374 0.0635228 
405 458 404 383 0.264904 
406 170 405 99 1.71029 
404 442 405 366 1.30694 
407 243 406 171 1.38114 
408 163 407 90 0.756496 
406 438 407 363 1.89044 
410 195 408 123 0.473314 
406 467 408 389 1.08683 
409 155 409 79 0.172534 
410 176 409 105 1.79896 
410 235 409 160 0.0990932 
411 242 409 167 0.932415 
407 341 409 264 1.50363 
408 350 409 274 1.21812 
411 377 409 300 1.75223 
410 336 410 262 1.44834 
412 457 410 382 0.436735 
411 459 410 384 0.375924 
411 414 411 336 0.565168 
415 171 412 96 1.82967 
415 338 412 263 1.52799 
414 361 413 284 0.887185 
414 357 416 280 1.6342 
416 394 416 316 0.510825 
419 144 417 73 1.03673 
418 223 417 148 0.0256273 
418 368 417 290 1.3508 
418 416 419 340 1.49598 
422 174 420 99 0.832197 
420 220 420 146 1.42575 
421 133 421 59 1.33685 
421 422 421 348 1.84611 
422 438 421 361 0.610262 
423 215 422 140 0.102847 
425 143 423 70 0.167208 
425 133 424 60 1.02418 
427 205 424 132 0.552231 
427 188 425 113 0.725656 
425 424 426 348 1.62925 
429 143 427 72 1.22664 
428 161 427 87 0.622579 
427 198 427 124 1.51915 
430 133 428 59 0.247283 
428 421 428 345 0.846603 
433 466 432 389 0.362559 
435 157 433 83 0.125103 
436 194 433 121 0.405973 
437 154 434 81 0.461856 
436 177 434 106 1.43204 
436 161 435 87 0.764773 
437 394 435 318 0.713472 
436 465 435 389 0.262789 
437 400 436 327 1.80667 
438 462 436 386 0.527114 
438 159 437 84 0.297654 
441 443 439 366 1.09722 
443 167 440 93 0.83102 
441 184 440 111 1.39166 
442 454 440 379 0.0976348 
445 178 442 105 0.269723 
443 448 442 371 0.23293 
465 128 463 55 0.87294 
467 205 465 131 0.521605 
469 308 468 234 1.59938 
470 321 468 247 0.8107 
470 347 469 271 0.588555 
471 350 471 273 0.881113 
472 412 472 334 0.419431 
494 298 493 223 1.46162 
497 328 493 252 1.47207 
497 139 495 66 1.46369 
499 189 496 114 0.319717 
501 337 499 263 1.3995 
503 128 501 55 1.55234 
507 154 505 80 1.14191 
508 281 505 205 0.550466 
508 353 505 276 0.976889 
508 168 506 94 1.18082 
511 256 507 183 0.271563 
512 304 507 229 1.52986 
510 376 507 301 0.264765 
511 404 507 329 0.449333 
510 295 508 220 0.898134 
513 202 509 130 0.713994 
512 276 509 201 0.0637187 
512 346 509 271 0.222451 
512 349 509 276 1.378 
513 245 510 169 0.528538 
514 395 510 319 1.01043 
514 428 511 353 0.481784 
514 323 512 249 1.59282 
515 442 512 366 0.0582078 
517 422 514 348 1.11137 
519 173 516 98 1.9383e-13 
521 283 518 210 1.35473 
520 346 518 268 0.550135 
522 416 518 339 1.40949 
521 280 519 206 1.61586 
522 376 519 301 0.472951 
523 421 520 342 1.77218 
526 168 521 93 1.57797 
525 269 521 194 0.555993 
525 150 522 74 0.4615 
525 225 522 151 0.736944 
528 157 524 82 0.716274 
528 267 524 192 0.508165 
528 293 524 217 1.01465 
526 447 524 371 0.938467 
528 283 525 209 0.917157 
530 175 527 99 0.346675 
530 270 527 193 0.75963 
528 342 527 265 0.96513 
533 277 528 203 0.661951 
532 292 528 219 0.751534 
532 363 528 289 0.384949 
530 316 529 239 0.957811 
533 357 530 282 0.612759 
535 376 530 300 1.50825 
532 403 530 327 0.927486 
535 380 531 303 1.28053 
534 197 532 121 0.58911 
535 338 532 262 0.0200402 
534 152 533 76 1.38203 
537 242 533 170 1.26312 
536 349 534 273 0.873867 
538 374 535 299 0.742867 
540 237 536 163 0.192244 
539 175 537 100 1.18518 
540 211 537 135 0.129329 
542 254 537 181 1.99443e-13 
540 407 537 330 0.330623 
540 315 538 239 0.872906 
542 252 540 178 1.91881 
543 267 540 191 0.0127932 
546 124 542 50 0.0740468 
550 322 547 247 0.816991 
550 392 547 317 0.996623 
554 179 550 106 0.861307 
553 196 550 122 1.16571 
554 327 550 251 0.498904 
555 251 551 177 0.488016 
555 269 551 195 0.531676 
556 303 551 226 1.91317 
556 175 552 99 0.752762 
554 184 552 109 1.44829 
555 245 552 172 1.86341 
554 343 552 266 0.569722 
557 338 553 263 0.164723 
557 405 553 328 0.854177 
557 344 554 269 0.988912 
557 300 555 223 0.546232 
557 317 555 239 0.00859991 
558 378 555 303 1.09394 
561 268 556 193 0.757948 
559 306 556 232 1.51218 
559 322 556 245 0.198384 
561 376 558 299 0.058068 
562 453 559 378 1.3816 
589 133 585 59 0.831607 
589 145 585 71 0.853268 
590 198 585 123 0.415014 
593 331 589 254 0.437908 
595 398 590 321 1.03981 
594 414 590 335 1.46798 
594 419 590 342 0.21467 
