524 8 529 75 1.81316 
14 9 15 77 1.45734 
326 11 325 84 1.79885 
496 11 497 79 0.474785 
507 14 510 82 0.362433 
591 14 598 83 2.54662e-14 
338 15 338 87 0.933972 
542 16 544 84 0.386292 
350 19 350 88 0.173081 
456 21 458 88 1.40901 
261 24 260 92 0.844019 
45 25 43 94 1.29803 
367 28 366 96 0.329875 
541 28 546 97 0.181134 
63 29 62 94 1.62014 
388 29 389 96 1.6431 
281 30 280 100 0.685153 
326 32 325 102 0.468042 
342 34 342 102 0.900027 
381 35 381 104 0.215583 
496 36 498 106 1.39109 
508 36 510 105 0.690608 
44 38 42 104 1.27514 
543 40 547 108 0.806184 
607 40 613 111 1.84921 
335 42 335 111 0.700505 
588 42 593 111 0.153421 
345 43 343 110 0.506917 
357 43 358 111 1.64281 
371 44 371 111 1.10425 
387 44 387 112 0.373606 
534 46 539 116 0.217704 
425 53 424 122 1.40962 
576 54 581 122 1.09655 
403 56 403 124 0.274903 
44 58 41 124 1.70573 
345 58 343 127 1.21159 
357 59 357 127 0.868104 
457 59 458 128 0.344453 
371 60 371 127 1.18234 
13 64 12 131 0.162478 
333 64 332 130 0.841629 
387 65 387 134 0.00343836 
65 66 60 136 0.313579 
82 66 77 137 0.947563 
96 66 93 136 1.38792 
611 68 616 136 0.904357 
497 72 499 140 0.704157 
30 73 27 139 1.66911 
577 74 581 142 0.903094 
43 77 41 144 0.230586 
245 77 242 150 0.147151 
327 77 325 147 1.08941 
496 77 497 146 0.636925 
376 81 375 153 1.95485 
28 82 26 150 0.57267 
316 83 315 151 0.508762 
204 86 202 155 0.754134 
384 88 384 159 0.704259 
367 91 368 160 1.45234 
508 91 508 160 1.2779 
343 92 343 161 0.928335 
518 92 518 159 0.186608 
312 95 311 166 0.1405 
388 95 388 164 0.247133 
42 97 39 165 5.12226e-13 
266 97 264 169 0.321522 
595 97 599 165 0.998537 
285 99 283 167 0.150368 
545 99 548 168 0.247516 
19 100 17 168 0.624174 
301 100 300 169 0.620756 
578 114 582 183 0.605516 
169 115 166 186 1.07644 
259 116 258 186 1.30653 
610 116 617 186 1.03511 
527 117 532 188 0.550875 
498 119 500 186 1.8764 
594 119 597 188 0.108441 
9 120 10 186 1.01378 
459 121 460 189 0.912035 
267 125 265 193 0.0663268 
314 125 314 197 1.1199 
348 128 347 199 0.441423 
613 129 617 200 1.28873 
498 130 499 199 0.137306 
160 132 157 200 0.253342 
205 135 203 202 0.154194 
578 135 583 204 1.51005 
277 136 276 206 1.0698 
412 136 413 207 0.138347 
267 137 266 205 1.09858 
359 137 359 206 0.970796 
40 138 37 206 0.0687751 
25 144 24 211 0.747137 
50 144 46 211 1.34529 
141 145 139 212 0.213049 
283 145 281 216 3.42479e-13 
189 148 186 215 0.72058 
235 148 231 217 1.43959 
545 152 549 224 0.582324 
40 158 36 226 0.621491 
205 161 202 232 0.421647 
460 161 462 230 1.45664 
160 162 156 230 1.10829 
189 162 186 232 0.329918 
596 162 601 232 0.860601 
20 163 17 229 1.27321 
250 163 248 232 0.40845 
282 164 280 236 0.0799419 
346 165 345 236 0.138324 
314 166 313 235 0.719018 
579 175 583 244 1.37912 
547 176 551 248 0.226007 
123 177 120 245 0.0333063 
530 177 532 246 0.636974 
514 183 519 254 1.95176 
613 186 618 255 1.70422 
596 187 599 258 0.864176 
491 188 493 256 1.84776 
580 196 584 265 1.61044 
42 197 38 266 0.0425056 
107 198 104 267 0.565552 
149 200 146 268 0.0796503 
215 201 212 269 0.393521 
258 202 255 271 0.569397 
321 203 320 272 0.785629 
363 204 362 273 0.317882 
499 204 500 275 0.684575 
530 207 531 278 1.12471 
548 207 551 278 0.128297 
601 209 607 281 0.700829 
461 216 463 285 1.91343 
334 221 333 290 0.716191 
549 221 552 292 0.281746 
528 222 531 292 1.25235 
501 226 502 294 1.17823 
596 229 600 299 1.06034 
110 231 108 301 1.93477 
462 233 463 303 0.674367 
399 236 397 304 0.540427 
580 236 585 307 1.46287 
364 237 364 307 1.19717 
405 238 405 310 0.0627982 
547 242 550 311 1.78445 
598 248 601 318 0.507897 
518 249 521 322 0 
513 251 516 323 0.678374 
175 252 173 318 0.30378 
375 252 376 323 1.83657 
136 254 131 324 0.988634 
533 255 534 323 1.03384 
251 256 249 324 0.543747 
152 257 149 323 0.646542 
463 257 464 325 1.74962 
351 264 350 334 0.529534 
275 265 273 334 0.45043 
527 265 532 338 1.68426 
128 273 127 340 1.63228 
616 279 620 351 6.66214e-14 
549 282 553 353 1.77642 
598 284 601 354 0.862122 
252 286 250 356 0.784536 
613 286 619 360 0.349215 
228 289 225 357 0.22985 
152 290 149 359 0.442311 
80 291 75 361 0.501835 
107 292 102 361 1.1327 
205 292 200 362 1.67599 
428 294 429 363 1.93748 
273 296 270 365 0.439471 
248 298 245 369 0.0522443 
582 298 586 369 1.40697 
384 304 384 373 1.52108 
398 304 395 373 1.5116 
62 305 57 375 0.367745 
515 305 516 376 1.08063e-13 
48 306 45 375 0.961872 
77 306 72 375 0.931937 
161 307 157 376 0.538045 
210 307 208 378 1.42572 
615 307 620 378 1.76282 
408 308 407 379 0.258805 
597 308 601 379 1.27766 
188 309 183 377 1.92575 
504 309 504 381 1.16278 
464 311 465 381 1.21181 
393 314 393 384 1.21405 
515 315 518 388 0.846212 
582 318 586 389 1.61966 
424 319 426 392 1.78304 
98 323 94 393 0.275377 
301 327 300 398 1.33375 
603 329 606 399 1.20512 
385 330 382 402 1.98754 
259 332 257 400 0.723401 
286 332 283 405 0.467324 
245 333 241 404 0.929505 
543 334 547 406 1.89481 
385 341 385 412 1.22126 
505 342 505 414 0.907624 
516 342 518 413 1.16313 
552 343 554 415 0.121636 
524 344 528 417 1.85925 
274 345 271 416 0.26086 
399 346 398 417 0.0815978 
258 347 256 417 0.885106 
435 347 435 418 0.544997 
44 350 40 421 1.11598 
465 350 466 422 0.694901 
98 351 93 421 0.624786 
210 351 207 421 0.355159 
597 351 601 425 0 
161 352 157 424 0.331398 
517 356 517 427 0.517972 
274 357 273 429 1.79358 
583 358 587 431 0.903584 
329 362 328 435 0.897072 
70 366 63 437 1.80882 
551 366 553 437 0.846818 
80 368 76 439 0.839059 
168 369 165 439 0.74922 
191 370 186 440 1.40104 
204 370 199 441 1.35674 
296 371 295 442 1.54796 
134 373 130 446 0.962336 
367 373 365 444 0.338944 
274 374 271 447 0.137549 
615 374 621 448 1.58016 
234 375 230 448 0.495548 
596 375 601 448 1.69478 
258 376 254 449 0.874067 
377 377 376 448 0.533073 
211 379 208 451 0.705814 
274 382 272 453 0.847934 
294 384 293 453 1.66095 
322 384 320 453 0.434594 
390 384 390 455 1.37335 
598 387 602 461 0.41142 
505 391 504 463 1.44683 
534 392 535 465 0.510305 
